Model run by sprab using Apollo 0.2.7 on R 4.1.2 for Windows.
www.ApolloChoiceModelling.com

Model name                       : QuartileModel
Model description                : Quartile
Model run at                     : 2022-07-11 18:38:55
Estimation method                : bfgs
Model diagnosis                  : successful convergence 
Number of individuals            : 13
Number of rows in database       : 11996
Number of modelled outcomes      : 11996

Number of cores used             :  1 
Model without mixing

LL(start)                        : -19306.82
LL(0)                            : -19306.82
LL(C)                            : -14190.34
LL(final)                        : -13852.75
Rho-square (0)                   :  0.2825 
Adj.Rho-square (0)               :  0.2813 
Rho-square (C)                   :  0.0238 
Adj.Rho-square (C)               :  0.0221 
AIC                              :  27753.49 
BIC                              :  27930.91 

Estimated parameters             :  24
Time taken (hh:mm:ss)            :  00:01:0.09 
     pre-estimation              :  00:00:1.1 
     estimation                  :  00:00:30.26 
     post-estimation             :  00:00:28.73 
Iterations                       :  50  
Min abs eigenvalue of Hessian    :  0.100331 

Unconstrained optimisation.

Estimates:
             Estimate        s.e.   t.rat.(0)    Rob.s.e. Rob.t.rat.(0)
asc_acc      4.418997    0.771279     5.72944    1.233096       3.58366
asc_brk      6.254565    0.727162     8.60133    1.968563       3.17722
speed_acc   -0.924887    0.167598    -5.51850    0.270318      -3.42148
speed_brk   -1.249331    0.158059    -7.90419    0.432301      -2.88996
nodv_acc     0.073535    0.022922     3.20800    0.032362       2.27224
nodv_brk    -0.026764    0.022268    -1.20190    0.027869      -0.96038
dist_acc    -0.007634    0.004974    -1.53459    0.005061      -1.50832
dist_brk     0.017769    0.004622     3.84437    0.006214       2.85953
time_acc     0.176927    0.137386     1.28781    0.125706       1.40747
time_brk    -0.484502    0.131160    -3.69397    0.168920      -2.86823
asc_llc     -1.843630    3.046693    -0.60512    2.532434      -0.72801
asc_rlc     -8.550715    2.834238    -3.01694    2.311016      -3.69998
speed_llc   -0.350368    0.660589    -0.53039    0.542007      -0.64643
speed_rlc    0.954447    0.609955     1.56478    0.449702       2.12240
nodv_llc     0.237966    0.082796     2.87412    0.072437       3.28516
nodv_rlc    -0.039702    0.086186    -0.46066    0.090208      -0.44012
dist_llc     0.002589    0.021353     0.12123    0.015923       0.16256
dist_rlc    -0.036172    0.020114    -1.79837    0.020512      -1.76348
time_llc    -0.219256    0.599982    -0.36544    0.484092      -0.45292
time_rlc     0.872366    0.537606     1.62269    0.536201       1.62694
pos_acc     -0.140639    0.068101    -2.06516    0.076996      -1.82658
pos_brk      0.004149    0.064158     0.06467    0.099108       0.04186
pos_llc     -0.586322    0.281531    -2.08262    0.315447      -1.85870
pos_rlc      3.170121    0.155007    20.45153    0.663816       4.77560


Overview of choices for MNL model component :
                                      nor     acc      brk      llc
Times available                  11996.00 11996.0 11996.00 11996.00
Times chosen                      2984.00  3863.0  4861.00   122.00
Percentage chosen overall           24.87    32.2    40.52     1.02
Percentage chosen when available    24.87    32.2    40.52     1.02
                                      rlc
Times available                  11996.00
Times chosen                       166.00
Percentage chosen overall            1.38
Percentage chosen when available     1.38


Classical covariance matrix:
              asc_acc     asc_brk   speed_acc   speed_brk    nodv_acc
asc_acc      0.594871    0.354514   -0.129053   -0.076663 -7.1581e-04
asc_brk      0.354514    0.528765   -0.076658   -0.114745 -4.6991e-04
speed_acc   -0.129053   -0.076658    0.028089    0.016628   5.648e-06
speed_brk   -0.076663   -0.114745    0.016628    0.024983   1.594e-05
nodv_acc  -7.1581e-04 -4.6991e-04   5.648e-06   1.594e-05  5.2543e-04
nodv_brk  -4.3595e-04 -2.7473e-04   8.746e-06  -7.771e-05  3.0841e-04
dist_acc     0.002186    0.001233 -4.7883e-04 -2.6888e-04   2.363e-06
dist_brk     0.001229    0.001867 -2.6820e-04 -4.0866e-04   2.171e-06
time_acc    -0.060688   -0.034875    0.013239    0.007579 -2.7630e-04
time_brk    -0.034805   -0.052561    0.007565    0.011462 -1.8026e-04
asc_llc      0.353761    0.350433   -0.076518   -0.075790 -3.7004e-04
asc_rlc      0.339443    0.347184   -0.073402   -0.075115 -5.4646e-04
speed_llc   -0.076505   -0.075774    0.016599    0.016439  -6.717e-06
speed_rlc   -0.073410   -0.075086    0.015925    0.016296   3.470e-05
nodv_llc  -4.3674e-04 -4.3805e-04   8.087e-06   9.421e-06  3.1195e-04
nodv_rlc  -4.8387e-04 -4.3248e-04   2.048e-05   8.208e-06  3.0146e-04
dist_llc     0.001237    0.001226 -2.6969e-04 -2.6739e-04   1.535e-06
dist_rlc     0.001212    0.001210 -2.6425e-04 -2.6395e-04   1.361e-06
time_llc    -0.034972   -0.034722    0.007598    0.007546 -1.6489e-04
time_rlc    -0.034266   -0.034298    0.007443    0.007456 -1.5921e-04
pos_acc     -0.002952   -0.001831  5.3771e-04  3.3521e-04   6.067e-05
pos_brk     -0.001908   -0.002655  3.5188e-04  4.7566e-04   3.495e-05
pos_llc     -0.001903   -0.001804  3.5151e-04  3.2987e-04   3.035e-05
pos_rlc     -0.001549   -0.001661  2.7480e-04  2.9751e-04   3.935e-05
             nodv_brk    dist_acc    dist_brk    time_acc    time_brk
asc_acc   -4.3595e-04    0.002186    0.001229   -0.060688   -0.034805
asc_brk   -2.7473e-04    0.001233    0.001867   -0.034875   -0.052561
speed_acc   8.746e-06 -4.7883e-04 -2.6820e-04    0.013239    0.007565
speed_brk  -7.771e-05 -2.6888e-04 -4.0866e-04    0.007579    0.011462
nodv_acc   3.0841e-04   2.363e-06   2.171e-06 -2.7630e-04 -1.8026e-04
nodv_brk   4.9589e-04   2.145e-06   6.158e-06 -1.8087e-04 -3.6568e-04
dist_acc    2.145e-06   2.475e-05   1.359e-05 -6.7004e-04 -3.7741e-04
dist_brk    6.158e-06   1.359e-05   2.136e-05 -3.7711e-04 -5.9477e-04
time_acc  -1.8087e-04 -6.7004e-04 -3.7711e-04    0.018875    0.010877
time_brk  -3.6568e-04 -3.7741e-04 -5.9477e-04    0.010877    0.017203
asc_llc   -3.6359e-04    0.001242    0.001225   -0.035151   -0.034695
asc_rlc   -4.6837e-04    0.001216    0.001215   -0.034356   -0.034475
speed_llc  -6.603e-06 -2.7084e-04 -2.6713e-04    0.007641    0.007542
speed_rlc   1.598e-05 -2.6522e-04 -2.6509e-04    0.007469    0.007494
nodv_llc   3.0717e-04   1.909e-06   2.365e-06 -1.7653e-04 -1.8576e-04
nodv_rlc   3.0758e-04   1.639e-06   2.335e-06 -1.6493e-04 -1.8473e-04
dist_llc    2.284e-06   1.390e-05   1.365e-05 -3.8517e-04 -3.7924e-04
dist_rlc    2.053e-06   1.390e-05   1.350e-05 -3.8497e-04 -3.7566e-04
time_llc  -1.8438e-04 -3.8523e-04 -3.7915e-04    0.011083    0.010939
time_rlc  -1.7903e-04 -3.8444e-04 -3.7549e-04    0.011045    0.010848
pos_acc     3.453e-05  -1.083e-07   1.305e-06  -5.854e-05  -6.809e-05
pos_brk     5.754e-05   1.040e-06   3.047e-06  -6.070e-05 -1.3508e-04
pos_llc     3.348e-05   1.047e-06   1.350e-06  -5.900e-05  -6.920e-05
pos_rlc     3.808e-05   1.095e-06   1.745e-06  -6.286e-05  -8.001e-05
              asc_llc     asc_rlc   speed_llc   speed_rlc    nodv_llc
asc_acc      0.353761    0.339443   -0.076505   -0.073410 -4.3674e-04
asc_brk      0.350433    0.347184   -0.075774   -0.075086 -4.3805e-04
speed_acc   -0.076518   -0.073402    0.016599    0.015925   8.087e-06
speed_brk   -0.075790   -0.075115    0.016439    0.016296   9.421e-06
nodv_acc  -3.7004e-04 -5.4646e-04  -6.717e-06   3.470e-05  3.1195e-04
nodv_brk  -3.6359e-04 -4.6837e-04  -6.603e-06   1.598e-05  3.0717e-04
dist_acc     0.001242    0.001216 -2.7084e-04 -2.6522e-04   1.909e-06
dist_brk     0.001225    0.001215 -2.6713e-04 -2.6509e-04   2.365e-06
time_acc    -0.035151   -0.034356    0.007641    0.007469 -1.7653e-04
time_brk    -0.034695   -0.034475    0.007542    0.007494 -1.8576e-04
asc_llc      9.282340    0.317853   -2.009340   -0.068719   -0.018507
asc_rlc      0.317853    8.032902   -0.068680   -1.724837 -5.5876e-04
speed_llc   -2.009340   -0.068680    0.436377    0.014896    0.001802
speed_rlc   -0.068719   -1.724837    0.014896    0.372045   4.268e-05
nodv_llc    -0.018507 -5.5876e-04    0.001802   4.268e-05    0.006855
nodv_rlc  -4.9577e-04   -0.035119   2.878e-05    0.005748  2.8200e-04
dist_llc     0.038161    0.001129   -0.008358 -2.4621e-04  1.1026e-04
dist_rlc     0.001123    0.031448 -2.4460e-04   -0.006819   1.307e-06
time_llc    -1.066173   -0.031977    0.232704    0.006948   -0.006275
time_rlc    -0.031815   -0.858311    0.006908    0.185651 -1.4984e-04
pos_acc     -0.002069  6.1100e-04  3.8771e-04 -1.9642e-04   3.137e-05
pos_brk     -0.002085    0.001313  3.9027e-04 -3.4511e-04   3.547e-05
pos_llc     -0.020647  -1.153e-05    0.003907  -4.984e-05  6.2546e-04
pos_rlc     -0.001384   -0.059717  2.4202e-04    0.008701   3.589e-05
             nodv_rlc    dist_llc    dist_rlc    time_llc    time_rlc
asc_acc   -4.8387e-04    0.001237    0.001212   -0.034972   -0.034266
asc_brk   -4.3248e-04    0.001226    0.001210   -0.034722   -0.034298
speed_acc   2.048e-05 -2.6969e-04 -2.6425e-04    0.007598    0.007443
speed_brk   8.208e-06 -2.6739e-04 -2.6395e-04    0.007546    0.007456
nodv_acc   3.0146e-04   1.535e-06   1.361e-06 -1.6489e-04 -1.5921e-04
nodv_brk   3.0758e-04   2.284e-06   2.053e-06 -1.8438e-04 -1.7903e-04
dist_acc    1.639e-06   1.390e-05   1.390e-05 -3.8523e-04 -3.8444e-04
dist_brk    2.335e-06   1.365e-05   1.350e-05 -3.7915e-04 -3.7549e-04
time_acc  -1.6493e-04 -3.8517e-04 -3.8497e-04    0.011083    0.011045
time_brk  -1.8473e-04 -3.7924e-04 -3.7566e-04    0.010939    0.010848
asc_llc   -4.9577e-04    0.038161    0.001123   -1.066173   -0.031815
asc_rlc     -0.035119    0.001129    0.031448   -0.031977   -0.858311
speed_llc   2.878e-05   -0.008358 -2.4460e-04    0.232704    0.006908
speed_rlc    0.005748 -2.4621e-04   -0.006819    0.006948    0.185651
nodv_llc   2.8200e-04  1.1026e-04   1.307e-06   -0.006275 -1.4984e-04
nodv_rlc     0.007428   1.410e-06 -1.4393e-04 -1.5113e-04   6.986e-05
dist_llc    1.410e-06  4.5594e-04   1.273e-05   -0.012579 -3.5338e-04
dist_rlc  -1.4393e-04   1.273e-05  4.0457e-04 -3.5368e-04   -0.010602
time_llc  -1.5113e-04   -0.012579 -3.5368e-04    0.359978    0.010188
time_rlc    6.986e-05 -3.5338e-04   -0.010602    0.010188    0.289020
pos_acc     7.492e-05   1.412e-06  -1.669e-06  -7.052e-05  -4.894e-06
pos_brk     2.754e-05   4.546e-07   1.122e-05  -4.424e-05 -3.3782e-04
pos_llc    1.1272e-04   1.395e-05   2.135e-06   -0.001600 -1.3404e-04
pos_rlc      0.001507   1.543e-06 -1.7484e-04  -6.873e-05    0.003744
              pos_acc     pos_brk     pos_llc     pos_rlc
asc_acc     -0.002952   -0.001908   -0.001903   -0.001549
asc_brk     -0.001831   -0.002655   -0.001804   -0.001661
speed_acc  5.3771e-04  3.5188e-04  3.5151e-04  2.7480e-04
speed_brk  3.3521e-04  4.7566e-04  3.2987e-04  2.9751e-04
nodv_acc    6.067e-05   3.495e-05   3.035e-05   3.935e-05
nodv_brk    3.453e-05   5.754e-05   3.348e-05   3.808e-05
dist_acc   -1.083e-07   1.040e-06   1.047e-06   1.095e-06
dist_brk    1.305e-06   3.047e-06   1.350e-06   1.745e-06
time_acc   -5.854e-05  -6.070e-05  -5.900e-05  -6.286e-05
time_brk   -6.809e-05 -1.3508e-04  -6.920e-05  -8.001e-05
asc_llc     -0.002069   -0.002085   -0.020647   -0.001384
asc_rlc    6.1100e-04    0.001313  -1.153e-05   -0.059717
speed_llc  3.8771e-04  3.9027e-04    0.003907  2.4202e-04
speed_rlc -1.9642e-04 -3.4511e-04  -4.984e-05    0.008701
nodv_llc    3.137e-05   3.547e-05  6.2546e-04   3.589e-05
nodv_rlc    7.492e-05   2.754e-05  1.1272e-04    0.001507
dist_llc    1.412e-06   4.546e-07   1.395e-05   1.543e-06
dist_rlc   -1.669e-06   1.122e-05   2.135e-06 -1.7484e-04
time_llc   -7.052e-05  -4.424e-05   -0.001600  -6.873e-05
time_rlc   -4.894e-06 -3.3782e-04 -1.3404e-04    0.003744
pos_acc      0.004638    0.002578    0.002609    0.002451
pos_brk      0.002578    0.004116    0.002564    0.002548
pos_llc      0.002609    0.002564    0.079260    0.002207
pos_rlc      0.002451    0.002548    0.002207    0.024027

Robust covariance matrix:
              asc_acc     asc_brk   speed_acc   speed_brk    nodv_acc
asc_acc      1.520526    1.980505   -0.333107   -0.434907    0.007498
asc_brk      1.980505    3.875241   -0.430463   -0.850736   7.242e-05
speed_acc   -0.333107   -0.430463    0.073072    0.094582   -0.001857
speed_brk   -0.434907   -0.850736    0.094582    0.186884 -1.9263e-04
nodv_acc     0.007498   7.242e-05   -0.001857 -1.9263e-04    0.001047
nodv_brk    -0.001183   -0.004690  1.2883e-04  7.6628e-04  5.8398e-04
dist_acc     0.004901    0.007908   -0.001086   -0.001750   2.584e-05
dist_brk     0.003278    0.003808 -7.1305e-04 -7.9704e-04  -2.896e-05
time_acc    -0.121005   -0.191382    0.026854    0.042371   -0.001014
time_brk    -0.083226   -0.101161    0.018042    0.021104    0.001002
asc_llc      1.119383    2.594383   -0.230580   -0.562020   -0.018530
asc_rlc     -0.008315   -0.374021    0.006118    0.079070   -0.023858
speed_llc   -0.225149   -0.533303    0.046227    0.115506    0.004092
speed_rlc    0.050900    0.115592   -0.011921   -0.025053    0.004610
nodv_llc    -0.051833   -0.057503    0.011150    0.012770 -2.6284e-04
nodv_rlc     0.003604   -0.030695   -0.001318    0.006707    0.001914
dist_llc     0.001009    0.015681 -1.6532e-04   -0.003483 -1.6730e-04
dist_rlc    -0.003967   -0.001318  9.0828e-04  2.2682e-04   7.126e-05
time_llc     0.007557   -0.448353   -0.003385    0.099024    0.006429
time_rlc     0.145735    0.089109   -0.032894   -0.018041   -0.001383
pos_acc      0.021807    0.041377   -0.005125   -0.009609  7.1085e-04
pos_brk     -0.004707    0.013148  8.9180e-04   -0.003134 -3.3462e-04
pos_llc      0.126975    0.240739   -0.026938   -0.052994   -0.001143
pos_rlc     -0.331930   -0.241104    0.072454    0.054605  1.8406e-04
             nodv_brk    dist_acc    dist_brk    time_acc    time_brk
asc_acc     -0.001183    0.004901    0.003278   -0.121005   -0.083226
asc_brk     -0.004690    0.007908    0.003808   -0.191382   -0.101161
speed_acc  1.2883e-04   -0.001086 -7.1305e-04    0.026854    0.018042
speed_brk  7.6628e-04   -0.001750 -7.9704e-04    0.042371    0.021104
nodv_acc   5.8398e-04   2.584e-05  -2.896e-05   -0.001014    0.001002
nodv_brk   7.7666e-04   4.006e-06 -1.0220e-04 -2.3032e-04    0.002718
dist_acc    4.006e-06   2.561e-05   8.611e-06 -6.2853e-04 -1.9704e-04
dist_brk  -1.0220e-04   8.611e-06   3.861e-05 -2.3885e-04   -0.001041
time_acc  -2.3032e-04 -6.2853e-04 -2.3885e-04    0.015802    0.005561
time_brk     0.002718 -1.9704e-04   -0.001041    0.005561    0.028534
asc_llc     -0.003969    0.001181    0.002375   -0.028247   -0.097528
asc_rlc    8.9769e-04  5.9070e-04   -0.006121   -0.006636    0.164991
speed_llc  6.0817e-04 -2.1421e-04 -4.4844e-04    0.005252    0.019649
speed_rlc  2.4966e-04  -2.747e-05    0.001152 -6.6141e-04   -0.031297
nodv_llc  -3.1734e-04  -7.781e-05  -4.816e-05    0.001832    0.001205
nodv_rlc   7.4950e-04  -4.587e-05   5.411e-06  8.7302e-04   3.719e-05
dist_llc    6.181e-05   1.222e-05  -3.449e-05 -1.9179e-04  7.9556e-04
dist_rlc   1.3460e-04  -1.320e-06  -4.959e-05  -4.135e-06    0.001458
time_llc  -4.4975e-04 -2.5631e-04  7.3757e-04    0.002611   -0.015171
time_rlc    -0.003342  2.3442e-04    0.001109   -0.004842   -0.032574
pos_acc      0.001343  1.6873e-04  -9.017e-06   -0.004410 -1.9907e-04
pos_brk    6.4785e-04   8.699e-05 -1.4169e-04   -0.001477    0.002861
pos_llc      0.002547  2.0680e-04  -7.530e-05   -0.004326 -9.4902e-04
pos_rlc     -0.002112 -6.9877e-04  5.5751e-04    0.016444   -0.015015
              asc_llc     asc_rlc   speed_llc   speed_rlc    nodv_llc
asc_acc      1.119383   -0.008315   -0.225149    0.050900   -0.051833
asc_brk      2.594383   -0.374021   -0.533303    0.115592   -0.057503
speed_acc   -0.230580    0.006118    0.046227   -0.011921    0.011150
speed_brk   -0.562020    0.079070    0.115506   -0.025053    0.012770
nodv_acc    -0.018530   -0.023858    0.004092    0.004610 -2.6284e-04
nodv_brk    -0.003969  8.9769e-04  6.0817e-04  2.4966e-04 -3.1734e-04
dist_acc     0.001181  5.9070e-04 -2.1421e-04  -2.747e-05  -7.781e-05
dist_brk     0.002375   -0.006121 -4.4844e-04    0.001152  -4.816e-05
time_acc    -0.028247   -0.006636    0.005252 -6.6141e-04    0.001832
time_brk    -0.097528    0.164991    0.019649   -0.031297    0.001205
asc_llc      6.413222   -1.020315   -1.369806    0.246638   -0.094587
asc_rlc     -1.020315    5.340794    0.178287   -1.007574    0.036634
speed_llc   -1.369806    0.178287    0.293772   -0.045069    0.019040
speed_rlc    0.246638   -1.007574   -0.045069    0.202231   -0.012201
nodv_llc    -0.094587    0.036634    0.019040   -0.012201    0.005247
nodv_rlc    -0.051818   -0.074503    0.011703    0.010319    0.001157
dist_llc     0.019233    0.007207   -0.004170   -0.001052 -1.7621e-04
dist_rlc     0.007123    0.003147   -0.001429   -0.001825  -6.485e-05
time_llc    -0.548207   -0.169500    0.118824    0.029634  7.4307e-04
time_rlc    -0.161297   -0.004596    0.032318    0.036523  1.4433e-04
pos_acc      0.004538    0.009669   -0.001750   -0.001633  1.3180e-04
pos_brk      0.085599   -0.035771   -0.018286    0.009055   -0.001191
pos_llc      0.338103    0.120803   -0.074202   -0.015557   -0.004274
pos_rlc     -0.051284   -0.709498    0.014709    0.070720    0.023049
             nodv_rlc    dist_llc    dist_rlc    time_llc    time_rlc
asc_acc      0.003604    0.001009   -0.003967    0.007557    0.145735
asc_brk     -0.030695    0.015681   -0.001318   -0.448353    0.089109
speed_acc   -0.001318 -1.6532e-04  9.0828e-04   -0.003385   -0.032894
speed_brk    0.006707   -0.003483  2.2682e-04    0.099024   -0.018041
nodv_acc     0.001914 -1.6730e-04   7.126e-05    0.006429   -0.001383
nodv_brk   7.4950e-04   6.181e-05  1.3460e-04 -4.4975e-04   -0.003342
dist_acc   -4.587e-05   1.222e-05  -1.320e-06 -2.5631e-04  2.3442e-04
dist_brk    5.411e-06  -3.449e-05  -4.959e-05  7.3757e-04    0.001109
time_acc   8.7302e-04 -1.9179e-04  -4.135e-06    0.002611   -0.004842
time_brk    3.719e-05  7.9556e-04    0.001458   -0.015171   -0.032574
asc_llc     -0.051818    0.019233    0.007123   -0.548207   -0.161297
asc_rlc     -0.074503    0.007207    0.003147   -0.169500   -0.004596
speed_llc    0.011703   -0.004170   -0.001429    0.118824    0.032318
speed_rlc    0.010319   -0.001052   -0.001825    0.029634    0.036523
nodv_llc     0.001157 -1.7621e-04  -6.485e-05  7.4307e-04  1.4433e-04
nodv_rlc     0.008138 -6.4628e-04   9.308e-06    0.017219   -0.001801
dist_llc  -6.4628e-04  2.5355e-04   3.390e-05   -0.007512 -8.2972e-04
dist_rlc    9.308e-06   3.390e-05  4.2074e-04 -4.7821e-04   -0.010840
time_llc     0.017219   -0.007512 -4.7821e-04    0.234345    0.016907
time_rlc    -0.001801 -8.2972e-04   -0.010840    0.016907    0.287511
pos_acc    7.8444e-04  3.3197e-04  -9.618e-05   -0.010489    0.001278
pos_brk   -4.0867e-04  4.2831e-04   3.027e-05   -0.012224    0.001243
pos_llc     -0.001887    0.001720   -0.001629   -0.054619    0.044828
pos_rlc      0.023878   -0.001923    0.006450    0.014082   -0.197192
              pos_acc     pos_brk     pos_llc     pos_rlc
asc_acc      0.021807   -0.004707    0.126975   -0.331930
asc_brk      0.041377    0.013148    0.240739   -0.241104
speed_acc   -0.005125  8.9180e-04   -0.026938    0.072454
speed_brk   -0.009609   -0.003134   -0.052994    0.054605
nodv_acc   7.1085e-04 -3.3462e-04   -0.001143  1.8406e-04
nodv_brk     0.001343  6.4785e-04    0.002547   -0.002112
dist_acc   1.6873e-04   8.699e-05  2.0680e-04 -6.9877e-04
dist_brk   -9.017e-06 -1.4169e-04  -7.530e-05  5.5751e-04
time_acc    -0.004410   -0.001477   -0.004326    0.016444
time_brk  -1.9907e-04    0.002861 -9.4902e-04   -0.015015
asc_llc      0.004538    0.085599    0.338103   -0.051284
asc_rlc      0.009669   -0.035771    0.120803   -0.709498
speed_llc   -0.001750   -0.018286   -0.074202    0.014709
speed_rlc   -0.001633    0.009055   -0.015557    0.070720
nodv_llc   1.3180e-04   -0.001191   -0.004274    0.023049
nodv_rlc   7.8444e-04 -4.0867e-04   -0.001887    0.023878
dist_llc   3.3197e-04  4.2831e-04    0.001720   -0.001923
dist_rlc   -9.618e-05   3.027e-05   -0.001629    0.006450
time_llc    -0.010489   -0.012224   -0.054619    0.014082
time_rlc     0.001278    0.001243    0.044828   -0.197192
pos_acc      0.005928    0.002377    0.010069   -0.002305
pos_brk      0.002377    0.009822    0.002284  5.6235e-04
pos_llc      0.010069    0.002284    0.099507   -0.041880
pos_rlc     -0.002305  5.6235e-04   -0.041880    0.440652

Classical correlation matrix:
              asc_acc     asc_brk   speed_acc   speed_brk    nodv_acc
asc_acc      1.000000    0.632107   -0.998366   -0.628861   -0.040488
asc_brk      0.632107    1.000000   -0.629008   -0.998353   -0.028192
speed_acc   -0.998366   -0.629008    1.000000    0.627697    0.001470
speed_brk   -0.628861   -0.998353    0.627697    1.000000    0.004399
nodv_acc    -0.040488   -0.028192    0.001470    0.004399    1.000000
nodv_brk    -0.025382   -0.016966    0.002343   -0.022079    0.604189
dist_acc     0.569893    0.340853   -0.574338   -0.341979    0.020727
dist_brk     0.344875    0.555429   -0.346216   -0.559374    0.020487
time_acc    -0.572731   -0.349093    0.574989    0.349026   -0.087735
time_brk    -0.344051   -0.551096    0.344160    0.552904   -0.059957
asc_llc      0.150546    0.158178   -0.149853   -0.157384   -0.005299
asc_rlc      0.155281    0.168458   -0.154528   -0.167676   -0.008411
speed_llc   -0.150158   -0.157745    0.149929    0.157440 -4.4362e-04
speed_rlc   -0.156044   -0.169289    0.155776    0.169029    0.002482
nodv_llc    -0.006839   -0.007276  5.8280e-04  7.1986e-04    0.164368
nodv_rlc    -0.007279   -0.006901    0.001418  6.0252e-04    0.152594
dist_llc     0.075106    0.078963   -0.075361   -0.079227    0.003136
dist_rlc     0.078152    0.082720   -0.078387   -0.083026    0.002951
time_llc    -0.075574   -0.079586    0.075560    0.079570   -0.011989
time_rlc    -0.082640   -0.087735    0.082612    0.087748   -0.012919
pos_acc     -0.056206   -0.036978    0.047111    0.031142    0.038863
pos_brk     -0.038562   -0.056917    0.032725    0.046906    0.023765
pos_llc     -0.008766   -0.008811    0.007450    0.007413    0.004703
pos_rlc     -0.012960   -0.014736    0.010578    0.012143    0.011075
             nodv_brk    dist_acc    dist_brk    time_acc    time_brk
asc_acc     -0.025382    0.569893    0.344875   -0.572731   -0.344051
asc_brk     -0.016966    0.340853    0.555429   -0.349093   -0.551096
speed_acc    0.002343   -0.574338   -0.346216    0.574989    0.344160
speed_brk   -0.022079   -0.341979   -0.559374    0.349026    0.552904
nodv_acc     0.604189    0.020727    0.020487   -0.087735   -0.059957
nodv_brk     1.000000    0.019362    0.059831   -0.059119   -0.125202
dist_acc     0.019362    1.000000    0.590865   -0.980415   -0.578451
dist_brk     0.059831    0.590865    1.000000   -0.593866   -0.981083
time_acc    -0.059119   -0.980415   -0.593866    1.000000    0.603636
time_brk    -0.125202   -0.578451   -0.981083    0.603636    1.000000
asc_llc     -0.005359    0.081925    0.086954   -0.083979   -0.086824
asc_rlc     -0.007421    0.086222    0.092758   -0.088231   -0.092739
speed_llc -4.4884e-04   -0.082420   -0.087488    0.084190    0.087044
speed_rlc    0.001176   -0.087410   -0.094027    0.089134    0.093668
nodv_llc     0.166601    0.004636    0.006179   -0.015519   -0.017106
nodv_rlc     0.160264    0.003823    0.005861   -0.013929   -0.016342
dist_llc     0.004803    0.130851    0.138266   -0.131296   -0.135413
dist_rlc     0.004583    0.138882    0.145235   -0.139309   -0.142394
time_llc    -0.013800   -0.129073   -0.136720    0.134453    0.139003
time_rlc    -0.014954   -0.143754   -0.151110    0.149545    0.153841
pos_acc      0.022772 -3.1962e-04    0.004146   -0.006257   -0.007623
pos_brk      0.040271    0.003259    0.010274   -0.006886   -0.016052
pos_llc      0.005341  7.4777e-04    0.001038   -0.001525   -0.001874
pos_rlc      0.011031    0.001420    0.002436   -0.002952   -0.003935
              asc_llc     asc_rlc   speed_llc   speed_rlc    nodv_llc
asc_acc      0.150546    0.155281   -0.150158   -0.156044   -0.006839
asc_brk      0.158178    0.168458   -0.157745   -0.169289   -0.007276
speed_acc   -0.149853   -0.154528    0.149929    0.155776  5.8280e-04
speed_brk   -0.157384   -0.167676    0.157440    0.169029  7.1986e-04
nodv_acc    -0.005299   -0.008411 -4.4362e-04    0.002482    0.164368
nodv_brk    -0.005359   -0.007421 -4.4884e-04    0.001176    0.166601
dist_acc     0.081925    0.086222   -0.082420   -0.087410    0.004636
dist_brk     0.086954    0.092758   -0.087488   -0.094027    0.006179
time_acc    -0.083979   -0.088231    0.084190    0.089134   -0.015519
time_brk    -0.086824   -0.092739    0.087044    0.093668   -0.017106
asc_llc      1.000000    0.036810   -0.998375   -0.036979   -0.073367
asc_rlc      0.036810    1.000000   -0.036683   -0.997732   -0.002381
speed_llc   -0.998375   -0.036683    1.000000    0.036970    0.032949
speed_rlc   -0.036979   -0.997732    0.036970    1.000000  8.4516e-04
nodv_llc    -0.073367   -0.002381    0.032949  8.4516e-04    1.000000
nodv_rlc    -0.001888   -0.143771  5.0559e-04    0.109342    0.039519
dist_llc     0.586587    0.018655   -0.592538   -0.018904    0.062365
dist_rlc     0.018319    0.551651   -0.018408   -0.555782  7.8495e-04
time_llc    -0.583259   -0.018805    0.587131    0.018987   -0.126323
time_rlc    -0.019424   -0.563306    0.019453    0.566155   -0.003366
pos_acc     -0.009971    0.003166    0.008618   -0.004729    0.005563
pos_brk     -0.010664    0.007219    0.009208   -0.008819    0.006677
pos_llc     -0.024072  -1.446e-05    0.021008 -2.9026e-04    0.026833
pos_rlc     -0.002931   -0.135929    0.002364    0.092029    0.002796
             nodv_rlc    dist_llc    dist_rlc    time_llc    time_rlc
asc_acc     -0.007279    0.075106    0.078152   -0.075574   -0.082640
asc_brk     -0.006901    0.078963    0.082720   -0.079586   -0.087735
speed_acc    0.001418   -0.075361   -0.078387    0.075560    0.082612
speed_brk  6.0252e-04   -0.079227   -0.083026    0.079570    0.087748
nodv_acc     0.152594    0.003136    0.002951   -0.011989   -0.012919
nodv_brk     0.160264    0.004803    0.004583   -0.013800   -0.014954
dist_acc     0.003823    0.130851    0.138882   -0.129073   -0.143754
dist_brk     0.005861    0.138266    0.145235   -0.136720   -0.151110
time_acc    -0.013929   -0.131296   -0.139309    0.134453    0.149545
time_brk    -0.016342   -0.135413   -0.142394    0.139003    0.153841
asc_llc     -0.001888    0.586587    0.018319   -0.583259   -0.019424
asc_rlc     -0.143771    0.018655    0.551651   -0.018805   -0.563306
speed_llc  5.0559e-04   -0.592538   -0.018408    0.587131    0.019453
speed_rlc    0.109342   -0.018904   -0.555782    0.018987    0.566155
nodv_llc     0.039519    0.062365  7.8495e-04   -0.126323   -0.003366
nodv_rlc     1.000000  7.6620e-04   -0.083026   -0.002923    0.001508
dist_llc   7.6620e-04    1.000000    0.029639   -0.981897   -0.030784
dist_rlc    -0.083026    0.029639    1.000000   -0.029307   -0.980495
time_llc    -0.002923   -0.981897   -0.029307    1.000000    0.031586
time_rlc     0.001508   -0.030784   -0.980495    0.031586    1.000000
pos_acc      0.012765  9.7107e-04   -0.001218   -0.001726 -1.3368e-04
pos_brk      0.004981  3.3183e-04    0.008696   -0.001149   -0.009794
pos_llc      0.004645    0.002321  3.7710e-04   -0.009475 -8.8559e-04
pos_rlc      0.112774  4.6624e-04   -0.056078 -7.3904e-04    0.044925
              pos_acc     pos_brk     pos_llc     pos_rlc
asc_acc     -0.056206   -0.038562   -0.008766   -0.012960
asc_brk     -0.036978   -0.056917   -0.008811   -0.014736
speed_acc    0.047111    0.032725    0.007450    0.010578
speed_brk    0.031142    0.046906    0.007413    0.012143
nodv_acc     0.038863    0.023765    0.004703    0.011075
nodv_brk     0.022772    0.040271    0.005341    0.011031
dist_acc  -3.1962e-04    0.003259  7.4777e-04    0.001420
dist_brk     0.004146    0.010274    0.001038    0.002436
time_acc    -0.006257   -0.006886   -0.001525   -0.002952
time_brk    -0.007623   -0.016052   -0.001874   -0.003935
asc_llc     -0.009971   -0.010664   -0.024072   -0.002931
asc_rlc      0.003166    0.007219  -1.446e-05   -0.135929
speed_llc    0.008618    0.009208    0.021008    0.002364
speed_rlc   -0.004729   -0.008819 -2.9026e-04    0.092029
nodv_llc     0.005563    0.006677    0.026833    0.002796
nodv_rlc     0.012765    0.004981    0.004645    0.112774
dist_llc   9.7107e-04  3.3183e-04    0.002321  4.6624e-04
dist_rlc    -0.001218    0.008696  3.7710e-04   -0.056078
time_llc    -0.001726   -0.001149   -0.009475 -7.3904e-04
time_rlc  -1.3368e-04   -0.009794 -8.8559e-04    0.044925
pos_acc      1.000000    0.590128    0.136062    0.232155
pos_brk      0.590128    1.000000    0.141959    0.256260
pos_llc      0.136062    0.141959    1.000000    0.050576
pos_rlc      0.232155    0.256260    0.050576    1.000000

Robust correlation matrix:
              asc_acc     asc_brk   speed_acc   speed_brk    nodv_acc
asc_acc      1.000000    0.815886   -0.999338    -0.81586    0.187895
asc_brk      0.815886    1.000000   -0.808931    -0.99968    0.001137
speed_acc   -0.999338   -0.808931    1.000000     0.80937   -0.212320
speed_brk   -0.815856   -0.999676    0.809374     1.00000   -0.013769
nodv_acc     0.187895    0.001137   -0.212320    -0.01377    1.000000
nodv_brk    -0.034437   -0.085483    0.017101     0.06360    0.647499
dist_acc     0.785356    0.793698   -0.793972    -0.79977    0.157745
dist_brk     0.427811    0.311268   -0.424498    -0.29670   -0.144028
time_acc    -0.780637   -0.773385    0.790281     0.77970   -0.249290
time_brk    -0.399559   -0.304216    0.395130     0.28900    0.183244
asc_llc      0.358463    0.520411   -0.336828    -0.51337   -0.226094
asc_rlc     -0.002918   -0.082214    0.009793     0.07914   -0.318996
speed_llc   -0.336875   -0.499827    0.315514     0.49296    0.233286
speed_rlc    0.091790    0.130573   -0.098062    -0.12887    0.316761
nodv_llc    -0.580295   -0.403255    0.569449     0.40780   -0.112121
nodv_rlc     0.032403   -0.172852   -0.054035     0.17198    0.655598
dist_llc     0.051371    0.500250   -0.038408    -0.50603   -0.324656
dist_rlc    -0.156854   -0.032640    0.163809     0.02558    0.107354
time_llc     0.012660   -0.470482   -0.025867     0.47318    0.410369
time_rlc     0.220414    0.084420   -0.226940    -0.07783   -0.079702
pos_acc      0.229685    0.272989   -0.246213    -0.28868    0.285280
pos_brk     -0.038518    0.067389    0.033288    -0.07314   -0.104328
pos_llc      0.326432    0.387677   -0.315913    -0.38861   -0.111987
pos_rlc     -0.405510   -0.184505    0.403774     0.19028    0.008568
             nodv_brk    dist_acc    dist_brk    time_acc    time_brk
asc_acc      -0.03444     0.78536    0.427811   -0.780637   -0.399559
asc_brk      -0.08548     0.79370    0.311268   -0.773385   -0.304216
speed_acc     0.01710    -0.79397   -0.424498    0.790281    0.395130
speed_brk     0.06360    -0.79977   -0.296705    0.779705    0.288998
nodv_acc      0.64750     0.15774   -0.144028   -0.249290    0.183244
nodv_brk      1.00000     0.02840   -0.590153   -0.065743    0.577436
dist_acc      0.02840     1.00000    0.273815   -0.987924   -0.230479
dist_brk     -0.59015     0.27382    1.000000   -0.305773   -0.991664
time_acc     -0.06574    -0.98792   -0.305773    1.000000    0.261892
time_brk      0.57744    -0.23048   -0.991664    0.261892    1.000000
asc_llc      -0.05624     0.09211    0.150902   -0.088731   -0.227987
asc_rlc       0.01394     0.05050   -0.426250   -0.022842    0.422644
speed_llc     0.04026    -0.07809   -0.133147    0.077079    0.214609
speed_rlc     0.01992    -0.01207    0.412319   -0.011700   -0.412003
nodv_llc     -0.15720    -0.21225   -0.107001    0.201176    0.098454
nodv_rlc      0.29813    -0.10047    0.009653    0.076988    0.002441
dist_llc      0.13929     0.15158   -0.348585   -0.095814    0.295771
dist_rlc      0.23546    -0.01271   -0.389091   -0.001603    0.420749
time_llc     -0.03334    -0.10461    0.245190    0.042906   -0.185527
time_rlc     -0.22365     0.08638    0.332954   -0.071840   -0.359635
pos_acc       0.62611     0.43299   -0.018846   -0.455684   -0.015306
pos_brk       0.23456     0.17343   -0.230066   -0.118559    0.170904
pos_llc       0.28968     0.12953   -0.038416   -0.109095   -0.017810
pos_rlc      -0.11419    -0.20799    0.135156    0.197062   -0.133903
              asc_llc     asc_rlc   speed_llc   speed_rlc    nodv_llc
asc_acc       0.35846   -0.002918    -0.33687     0.09179   -0.580295
asc_brk       0.52041   -0.082214    -0.49983     0.13057   -0.403255
speed_acc    -0.33683    0.009793     0.31551    -0.09806    0.569449
speed_brk    -0.51337    0.079145     0.49296    -0.12887    0.407800
nodv_acc     -0.22609   -0.318996     0.23329     0.31676   -0.112121
nodv_brk     -0.05624    0.013938     0.04026     0.01992   -0.157197
dist_acc      0.09211    0.050503    -0.07809    -0.01207   -0.212248
dist_brk      0.15090   -0.426250    -0.13315     0.41232   -0.107001
time_acc     -0.08873   -0.022842     0.07708    -0.01170    0.201176
time_brk     -0.22799    0.422644     0.21461    -0.41200    0.098454
asc_llc       1.00000   -0.174338    -0.99797     0.21657   -0.515624
asc_rlc      -0.17434    1.000000     0.14234    -0.96950    0.218838
speed_llc    -0.99797    0.142335     1.00000    -0.18491    0.484962
speed_rlc     0.21657   -0.969504    -0.18491     1.00000   -0.374541
nodv_llc     -0.51562    0.218838     0.48496    -0.37454    1.000000
nodv_rlc     -0.22683   -0.357377     0.23935     0.25437    0.177046
dist_llc      0.47695    0.195847    -0.48319    -0.14693   -0.152767
dist_rlc      0.13712    0.066386    -0.12854    -0.19783   -0.043645
time_llc     -0.44718   -0.151509     0.45287     0.13613    0.021191
time_rlc     -0.11878   -0.003709     0.11120     0.15147    0.003716
pos_acc       0.02327    0.054341    -0.04194    -0.04716    0.023632
pos_brk       0.34105   -0.156176    -0.34041     0.20318   -0.165945
pos_llc       0.42324    0.165710    -0.43399    -0.10967   -0.187067
pos_rlc      -0.03051   -0.462488     0.04088     0.23690    0.479351
             nodv_rlc    dist_llc    dist_rlc    time_llc    time_rlc
asc_acc      0.032403     0.05137   -0.156854     0.01266    0.220414
asc_brk     -0.172852     0.50025   -0.032640    -0.47048    0.084420
speed_acc   -0.054035    -0.03841    0.163809    -0.02587   -0.226940
speed_brk    0.171984    -0.50603    0.025579     0.47318   -0.077831
nodv_acc     0.655598    -0.32466    0.107354     0.41037   -0.079702
nodv_brk     0.298131     0.13929    0.235460    -0.03334   -0.223646
dist_acc    -0.100473     0.15158   -0.012714    -0.10461    0.086381
dist_brk     0.009653    -0.34859   -0.389091     0.24519    0.332954
time_acc     0.076988    -0.09581   -0.001603     0.04291   -0.071840
time_brk     0.002441     0.29577    0.420749    -0.18553   -0.359635
asc_llc     -0.226827     0.47695    0.137118    -0.44718   -0.118785
asc_rlc     -0.357377     0.19585    0.066386    -0.15151   -0.003709
speed_llc    0.239350    -0.48319   -0.128544     0.45287    0.111202
speed_rlc    0.254366    -0.14693   -0.197826     0.13613    0.151468
nodv_llc     0.177046    -0.15277   -0.043645     0.02119    0.003716
nodv_rlc     1.000000    -0.44992    0.005030     0.39431   -0.037240
dist_llc    -0.449924     1.00000    0.103797    -0.97456   -0.097178
dist_rlc     0.005030     0.10380    1.000000    -0.04816   -0.985604
time_llc     0.394315    -0.97456   -0.048160     1.00000    0.065134
time_rlc    -0.037240    -0.09718   -0.985604     0.06513    1.000000
pos_acc      0.112940     0.27077   -0.060902    -0.28142    0.030944
pos_brk     -0.045711     0.27140    0.014889    -0.25478    0.023391
pos_llc     -0.066296     0.34250   -0.251792    -0.35768    0.265030
pos_rlc      0.398752    -0.18191    0.473681     0.04382   -0.554006
              pos_acc     pos_brk     pos_llc     pos_rlc
asc_acc       0.22968   -0.038518     0.32643   -0.405510
asc_brk       0.27299    0.067389     0.38768   -0.184505
speed_acc    -0.24621    0.033288    -0.31591    0.403774
speed_brk    -0.28868   -0.073143    -0.38861    0.190283
nodv_acc      0.28528   -0.104328    -0.11199    0.008568
nodv_brk      0.62611    0.234555     0.28968   -0.114185
dist_acc      0.43299    0.173433     0.12953   -0.207991
dist_brk     -0.01885   -0.230066    -0.03842    0.135156
time_acc     -0.45568   -0.118559    -0.10910    0.197062
time_brk     -0.01531    0.170904    -0.01781   -0.133903
asc_llc       0.02327    0.341053     0.42324   -0.030507
asc_rlc       0.05434   -0.156176     0.16571   -0.462488
speed_llc    -0.04194   -0.340408    -0.43399    0.040881
speed_rlc    -0.04716    0.203177    -0.10967    0.236904
nodv_llc      0.02363   -0.165945    -0.18707    0.479351
nodv_rlc      0.11294   -0.045711    -0.06630    0.398752
dist_llc      0.27077    0.271404     0.34250   -0.181909
dist_rlc     -0.06090    0.014889    -0.25179    0.473681
time_llc     -0.28142   -0.254784    -0.35768    0.043821
time_rlc      0.03094    0.023391     0.26503   -0.554006
pos_acc       1.00000    0.311506     0.41457   -0.045091
pos_brk       0.31151    1.000000     0.07305    0.008548
pos_llc       0.41457    0.073049     1.00000   -0.200000
pos_rlc      -0.04509    0.008548    -0.20000    1.000000

 13 worst outliers in terms of lowest average per choice prediction:
 ID Avg prob per choice
 11                   0
 13                   0
 21                   0
 31                   0
 32                   0
 33                   0
 41                   0
 42                   0
 43                   0
 51                   0
 52                   0
 61                   0
 62                   0

Changes in parameter estimates from starting values:
              Initial    Estimate  Difference
asc_acc         0.000    4.418997    4.418997
asc_brk         0.000    6.254565    6.254565
speed_acc       0.000   -0.924887   -0.924887
speed_brk       0.000   -1.249331   -1.249331
nodv_acc        0.000    0.073535    0.073535
nodv_brk        0.000   -0.026764   -0.026764
dist_acc        0.000   -0.007634   -0.007634
dist_brk        0.000    0.017769    0.017769
time_acc        0.000    0.176927    0.176927
time_brk        0.000   -0.484502   -0.484502
asc_llc         0.000   -1.843630   -1.843630
asc_rlc         0.000   -8.550715   -8.550715
speed_llc       0.000   -0.350368   -0.350368
speed_rlc       0.000    0.954447    0.954447
nodv_llc        0.000    0.237966    0.237966
nodv_rlc        0.000   -0.039702   -0.039702
dist_llc        0.000    0.002589    0.002589
dist_rlc        0.000   -0.036172   -0.036172
time_llc        0.000   -0.219256   -0.219256
time_rlc        0.000    0.872366    0.872366
pos_acc         0.000   -0.140639   -0.140639
pos_brk         0.000    0.004149    0.004149
pos_llc         0.000   -0.586322   -0.586322
pos_rlc         0.000    3.170121    3.170121

Settings and functions used in model definition:

apollo_control
--------------
                       Value          
modelName              "QuartileModel"
modelDescr             "Quartile"     
indivID                "Driver_tag"   
workInLogs             "TRUE"         
outputDirectory        "output/"      
debug                  "FALSE"        
nCores                 "1"            
seed                   "13"           
mixing                 "FALSE"        
HB                     "FALSE"        
noValidation           "FALSE"        
noDiagnostics          "FALSE"        
calculateLLC           "TRUE"         
panelData              "TRUE"         
analyticGrad           "FALSE"        
analyticGrad_manualSet "FALSE"        
