Model run by sprab using Apollo 0.2.7 on R 4.1.2 for Windows.
www.ApolloChoiceModelling.com

Model name                       : MNL_LLC_Model
Model description                : MNL LLC
Model run at                     : 2022-07-10 22:34:08
Estimation method                : bfgs
Model diagnosis                  : successful convergence 
Number of individuals            : 13
Number of rows in database       : 11996
Number of modelled outcomes      : 11996

Number of cores used             :  1 
Model without mixing

LL(start)                        : -16629.99
LL(0)                            : -16629.99
LL(C)                            : -13445.19
LL(final)                        : -13124.25
Rho-square (0)                   :  0.2108 
Adj.Rho-square (0)               :  0.2094 
Rho-square (C)                   :  0.0239 
Adj.Rho-square (C)               :  0.0221 
AIC                              :  26296.51 
BIC                              :  26473.93 

Estimated parameters             :  24
Time taken (hh:mm:ss)            :  00:00:25.88 
     pre-estimation              :  00:00:0.59 
     estimation                  :  00:00:12.05 
     post-estimation             :  00:00:13.24 
Iterations                       :  41  
Min abs eigenvalue of Hessian    :  0.221828 

Unconstrained optimisation.

Estimates:
              Estimate        s.e.   t.rat.(0)    Rob.s.e. Rob.t.rat.(0)
asc_acc       6.324754    0.741778      8.5265    1.389220       4.55274
asc_brk       8.502061    0.662696     12.8295    2.206102       3.85388
speed_acc    -1.624212    0.163274     -9.9478    0.310963      -5.22317
speed_brk    -2.010256    0.145944    -13.7742    0.486808      -4.12946
nodv_acc      0.146252    0.022009      6.6452    0.036510       4.00578
nodv_brk      0.002354    0.021115      0.1115    0.032075       0.07338
dist_acc      0.002425    0.004828      0.5023    0.004403       0.55076
dist_brk      0.027486    0.004236      6.4893    0.007485       3.67207
time_acc     -0.118043    0.131074     -0.9006    0.104926      -1.12501
time_brk     -0.751152    0.120233     -6.2475    0.217477      -3.45394
asc_lc       -4.963888    2.058822     -2.4110    1.913151      -2.59461
male_lc       0.318106    0.173626      1.8321    0.233550       1.36205
male_acc      0.096975    0.062008      1.5639    0.070629       1.37302
male_brk      0.165210    0.057232      2.8867    0.073780       2.23925
oldAge_lc    -0.051220    0.141989     -0.3607    0.291544      -0.17569
oldAge_acc    0.050304    0.056150      0.8959    0.088981       0.56534
oldAge_brk   -0.095344    0.051995     -1.8337    0.061815      -1.54239
speed_lc      0.227686    0.446644      0.5098    0.406477       0.56014
nodv_lc       0.104268    0.059324      1.7576    0.075631       1.37865
dist_lc      -0.014356    0.014579     -0.9848    0.015322      -0.93699
time_lc       0.260460    0.396520      0.6569    0.410224       0.63492
pos_acc      -0.160258    0.066308     -2.4169    0.095234      -1.68278
pos_brk      -0.064900    0.060141     -1.0791    0.091636      -0.70823
pos_lc        2.019977    0.114295     17.6734    0.362698       5.56931


Overview of choices for MNL model component :
                                      nor      acc      brk      lc
Times available                  11996.00 11996.00 11996.00 11996.0
Times chosen                      5921.00  2557.00  3230.00   288.0
Percentage chosen overall           49.36    21.32    26.93     2.4
Percentage chosen when available    49.36    21.32    26.93     2.4


Classical covariance matrix:
               asc_acc     asc_brk   speed_acc   speed_brk    nodv_acc
asc_acc       0.550234    0.199215   -0.120665   -0.043351 -3.1316e-04
asc_brk       0.199215    0.439166   -0.043331   -0.096344 -2.7343e-04
speed_acc    -0.120665   -0.043331    0.026658    0.009487  -9.297e-05
speed_brk    -0.043351   -0.096344    0.009487    0.021300   1.027e-05
nodv_acc   -3.1316e-04 -2.7343e-04  -9.297e-05   1.027e-05  4.8438e-04
nodv_brk   -1.9158e-04  3.2206e-04  -7.476e-06 -2.0627e-04  1.6486e-04
dist_acc      0.002079  6.7146e-04 -4.5806e-04 -1.4636e-04   3.343e-06
dist_brk    6.6277e-04    0.001543 -1.4450e-04 -3.3896e-04   7.346e-07
time_acc     -0.056454   -0.018848    0.012364    0.004088 -2.8335e-04
time_brk     -0.018670   -0.042888    0.004050    0.009362  -8.153e-05
asc_lc        0.179857    0.182477   -0.039144   -0.039745 -3.2233e-04
male_lc       0.001909    0.001875 -5.8270e-04 -5.7760e-04   5.447e-06
male_acc      0.004860    0.001995   -0.001636 -6.0894e-04   4.393e-05
male_brk      0.001984    0.003449 -6.0624e-04   -0.001246   1.283e-06
oldAge_lc    -0.001331   -0.001284  2.8157e-04  2.7138e-04   3.935e-05
oldAge_acc   -0.002327   -0.001453  4.7277e-04  3.0711e-04  1.2898e-04
oldAge_brk   -0.001382   -0.001566  2.9124e-04  3.1489e-04   4.472e-05
speed_lc     -0.039110   -0.039674    0.008568    0.008698   2.298e-05
nodv_lc    -3.0471e-04 -2.6039e-04   1.796e-05   9.039e-06  1.5808e-04
dist_lc     6.2655e-04  6.1864e-04 -1.3626e-04 -1.3480e-04  -2.734e-07
time_lc      -0.017613   -0.017495    0.003812    0.003792  -5.571e-05
pos_acc      -0.002827   -0.001078  5.8754e-04  2.1791e-04   5.115e-05
pos_brk      -0.001186   -0.002308  2.4170e-04  4.6513e-04   1.822e-05
pos_lc     -8.2667e-04 -8.6461e-04  1.6461e-04  1.7169e-04   2.216e-05
              nodv_brk    dist_acc    dist_brk    time_acc    time_brk
asc_acc    -1.9158e-04    0.002079  6.6277e-04   -0.056454   -0.018670
asc_brk     3.2206e-04  6.7146e-04    0.001543   -0.018848   -0.042888
speed_acc   -7.476e-06 -4.5806e-04 -1.4450e-04    0.012364    0.004050
speed_brk  -2.0627e-04 -1.4636e-04 -3.3896e-04    0.004088    0.009362
nodv_acc    1.6486e-04   3.343e-06   7.346e-07 -2.8335e-04  -8.153e-05
nodv_brk    4.4586e-04   7.580e-07   8.186e-06  -8.453e-05 -3.9716e-04
dist_acc     7.580e-07   2.331e-05   6.928e-06 -6.1975e-04 -1.9174e-04
dist_brk     8.186e-06   6.928e-06   1.794e-05 -1.9109e-04 -4.9908e-04
time_acc    -8.453e-05 -6.1975e-04 -1.9109e-04    0.017180    0.005492
time_brk   -3.9716e-04 -1.9174e-04 -4.9908e-04    0.005492    0.014456
asc_lc     -2.5092e-04  6.3348e-04  6.1896e-04   -0.017799   -0.017531
male_lc      6.956e-06   3.232e-07  -3.059e-07   4.018e-05   5.723e-05
male_acc     2.888e-06  -3.391e-07   1.129e-08  1.6399e-04   5.064e-05
male_brk     2.623e-05   5.812e-07  -6.501e-06   3.746e-05  3.1190e-04
oldAge_lc    3.932e-05  -8.562e-07  -8.407e-08   5.468e-06  -1.310e-05
oldAge_acc   4.355e-05   3.886e-06  -4.451e-07 -1.5644e-04  -5.198e-06
oldAge_brk  1.0968e-04  -6.438e-07   5.915e-06  -1.438e-06 -2.1159e-04
speed_lc     6.930e-06 -1.3806e-04 -1.3484e-04    0.003859    0.003799
nodv_lc     1.5838e-04   2.615e-07   8.849e-07  -6.897e-05  -8.439e-05
dist_lc      5.107e-07   7.088e-06   6.670e-06 -1.9505e-04 -1.8532e-04
time_lc     -7.621e-05 -1.9488e-04 -1.8504e-04    0.005564    0.005341
pos_acc      1.713e-05  -1.487e-06   5.896e-07  -3.420e-05  -3.642e-05
pos_brk      5.183e-05   1.407e-07   3.803e-06  -2.415e-05 -1.6130e-04
pos_lc       2.189e-05   2.592e-07   1.009e-06  -2.695e-05  -4.708e-05
                asc_lc     male_lc    male_acc    male_brk   oldAge_lc
asc_acc       0.179857    0.001909    0.004860    0.001984   -0.001331
asc_brk       0.182477    0.001875    0.001995    0.003449   -0.001284
speed_acc    -0.039144 -5.8270e-04   -0.001636 -6.0624e-04  2.8157e-04
speed_brk    -0.039745 -5.7760e-04 -6.0894e-04   -0.001246  2.7138e-04
nodv_acc   -3.2233e-04   5.447e-06   4.393e-05   1.283e-06   3.935e-05
nodv_brk   -2.5092e-04   6.956e-06   2.888e-06   2.623e-05   3.932e-05
dist_acc    6.3348e-04   3.232e-07  -3.391e-07   5.812e-07  -8.562e-07
dist_brk    6.1896e-04  -3.059e-07   1.129e-08  -6.501e-06  -8.407e-08
time_acc     -0.017799   4.018e-05  1.6399e-04   3.746e-05   5.468e-06
time_brk     -0.017531   5.723e-05   5.064e-05  3.1190e-04  -1.310e-05
asc_lc        4.238749    0.020218    0.002050    0.002109   -0.020533
male_lc       0.020218    0.030146    0.001134    0.001144   -0.007879
male_acc      0.002050    0.001134    0.003845    0.001195 -4.0134e-04
male_brk      0.002109    0.001144    0.001195    0.003276 -4.0392e-04
oldAge_lc    -0.020533   -0.007879 -4.0134e-04 -4.0392e-04    0.020161
oldAge_acc   -0.001471 -4.0192e-04   -0.001359 -4.2317e-04  9.2956e-04
oldAge_brk   -0.001490 -4.0552e-04 -4.2189e-04   -0.001119  9.3806e-04
speed_lc     -0.915702   -0.009333 -6.1285e-04 -6.2648e-04    0.004190
nodv_lc      -0.011961   5.400e-05   7.536e-06   4.374e-06  6.2943e-04
dist_lc       0.016737   2.362e-05  -1.072e-07   5.548e-07  -1.847e-05
time_lc      -0.460937  6.6661e-04   5.171e-05   3.395e-05  3.7617e-04
pos_acc       0.001220  -6.218e-05 -3.9388e-04  -9.654e-05   1.838e-05
pos_brk       0.001903  -3.824e-05  -9.940e-05 -3.1283e-04  -1.998e-05
pos_lc       -0.032642   -0.001241 -1.0208e-04 -1.0006e-04    0.001039
            oldAge_acc  oldAge_brk    speed_lc     nodv_lc     dist_lc
asc_acc      -0.002327   -0.001382   -0.039110 -3.0471e-04  6.2655e-04
asc_brk      -0.001453   -0.001566   -0.039674 -2.6039e-04  6.1864e-04
speed_acc   4.7277e-04  2.9124e-04    0.008568   1.796e-05 -1.3626e-04
speed_brk   3.0711e-04  3.1489e-04    0.008698   9.039e-06 -1.3480e-04
nodv_acc    1.2898e-04   4.472e-05   2.298e-05  1.5808e-04  -2.734e-07
nodv_brk     4.355e-05  1.0968e-04   6.930e-06  1.5838e-04   5.107e-07
dist_acc     3.886e-06  -6.438e-07 -1.3806e-04   2.615e-07   7.088e-06
dist_brk    -4.451e-07   5.915e-06 -1.3484e-04   8.849e-07   6.670e-06
time_acc   -1.5644e-04  -1.438e-06    0.003859  -6.897e-05 -1.9505e-04
time_brk    -5.198e-06 -2.1159e-04    0.003799  -8.439e-05 -1.8532e-04
asc_lc       -0.001471   -0.001490   -0.915702   -0.011961    0.016737
male_lc    -4.0192e-04 -4.0552e-04   -0.009333   5.400e-05   2.362e-05
male_acc     -0.001359 -4.2189e-04 -6.1285e-04   7.536e-06  -1.072e-07
male_brk   -4.2317e-04   -0.001119 -6.2648e-04   4.374e-06   5.548e-07
oldAge_lc   9.2956e-04  9.3806e-04    0.004190  6.2943e-04  -1.847e-05
oldAge_acc    0.003153  9.7469e-04  3.1202e-04   3.932e-05  -9.106e-07
oldAge_brk  9.7469e-04    0.002704  3.1546e-04   4.115e-05  -9.850e-07
speed_lc    3.1202e-04  3.1546e-04    0.199491    0.001540   -0.003651
nodv_lc      3.932e-05   4.115e-05    0.001540    0.003519  -2.999e-05
dist_lc     -9.106e-07  -9.850e-07   -0.003651  -2.999e-05  2.1253e-04
time_lc      6.777e-06   1.042e-05    0.100031 -9.7453e-04   -0.005668
pos_acc      5.188e-05   1.389e-05 -2.9536e-04   6.098e-05   1.337e-06
pos_brk      1.583e-05   5.920e-05 -4.3700e-04   2.271e-05   9.401e-06
pos_lc       1.660e-05   1.681e-05    0.005657  8.9396e-04  -4.168e-05
               time_lc     pos_acc     pos_brk      pos_lc
asc_acc      -0.017613   -0.002827   -0.001186 -8.2667e-04
asc_brk      -0.017495   -0.001078   -0.002308 -8.6461e-04
speed_acc     0.003812  5.8754e-04  2.4170e-04  1.6461e-04
speed_brk     0.003792  2.1791e-04  4.6513e-04  1.7169e-04
nodv_acc    -5.571e-05   5.115e-05   1.822e-05   2.216e-05
nodv_brk    -7.621e-05   1.713e-05   5.183e-05   2.189e-05
dist_acc   -1.9488e-04  -1.487e-06   1.407e-07   2.592e-07
dist_brk   -1.8504e-04   5.896e-07   3.803e-06   1.009e-06
time_acc      0.005564  -3.420e-05  -2.415e-05  -2.695e-05
time_brk      0.005341  -3.642e-05 -1.6130e-04  -4.708e-05
asc_lc       -0.460937    0.001220    0.001903   -0.032642
male_lc     6.6661e-04  -6.218e-05  -3.824e-05   -0.001241
male_acc     5.171e-05 -3.9388e-04  -9.940e-05 -1.0208e-04
male_brk     3.395e-05  -9.654e-05 -3.1283e-04 -1.0006e-04
oldAge_lc   3.7617e-04   1.838e-05  -1.998e-05    0.001039
oldAge_acc   6.777e-06   5.188e-05   1.583e-05   1.660e-05
oldAge_brk   1.042e-05   1.389e-05   5.920e-05   1.681e-05
speed_lc      0.100031 -2.9536e-04 -4.3700e-04    0.005657
nodv_lc    -9.7453e-04   6.098e-05   2.271e-05  8.9396e-04
dist_lc      -0.005668   1.337e-06   9.401e-06  -4.168e-05
time_lc       0.157228  -7.093e-05 -2.8123e-04  6.2251e-04
pos_acc     -7.093e-05    0.004397    0.001310    0.001186
pos_brk    -2.8123e-04    0.001310    0.003617    0.001234
pos_lc      6.2251e-04    0.001186    0.001234    0.013063

Robust covariance matrix:
               asc_acc     asc_brk   speed_acc   speed_brk    nodv_acc
asc_acc       1.929932    2.544853   -0.431549   -0.560342    0.002287
asc_brk       2.544853    4.866886   -0.564108   -1.073217   -0.006435
speed_acc    -0.431549   -0.564108    0.096698    0.124279 -9.8782e-04
speed_brk    -0.560342   -1.073217    0.124279    0.236982    0.001154
nodv_acc      0.002287   -0.006435 -9.8782e-04    0.001154    0.001333
nodv_brk     -0.007323   -0.016434    0.001445    0.003180  5.3909e-04
dist_acc      0.004485    0.007615   -0.001015   -0.001678   2.530e-05
dist_brk      0.001277    0.002416 -2.4570e-04 -4.7467e-04  -7.617e-05
time_acc     -0.098536   -0.171816    0.022422    0.037965   -0.001129
time_brk     -0.024117   -0.057065    0.004168    0.010877    0.002457
asc_lc        0.534638    1.114625   -0.105817   -0.245024   -0.033144
male_lc       0.017905    0.068297   -0.003671   -0.017580    0.001331
male_acc      0.047053    0.073055   -0.010845   -0.016397    0.001088
male_brk      0.008217    0.017964   -0.002014   -0.004892    0.001001
oldAge_lc    -0.107809   -0.159263    0.023928    0.034115   -0.001978
oldAge_acc   -0.007515   -0.039973    0.001520    0.008934  -9.631e-06
oldAge_brk    0.022138    0.050468   -0.004808   -0.011081 -7.4031e-04
speed_lc     -0.086427   -0.211288    0.016523    0.046779    0.006610
nodv_lc      -0.047156   -0.070330    0.009961    0.015804  9.7205e-04
dist_lc      -0.001518    0.004892  3.3027e-04   -0.001193   5.539e-05
time_lc       0.084055   -0.102798   -0.018927    0.025327 -2.4432e-04
pos_acc       0.040361    0.052961   -0.009214   -0.012372  6.9625e-04
pos_brk      -0.013541    0.013212    0.002965   -0.003150 -2.6435e-04
pos_lc       -0.178575   -0.162628    0.038491    0.035637    0.002839
              nodv_brk    dist_acc    dist_brk    time_acc    time_brk
asc_acc      -0.007323    0.004485    0.001277   -0.098536   -0.024117
asc_brk      -0.016434    0.007615    0.002416   -0.171816   -0.057065
speed_acc     0.001445   -0.001015 -2.4570e-04    0.022422    0.004168
speed_brk     0.003180   -0.001678 -4.7467e-04    0.037965    0.010877
nodv_acc    5.3909e-04   2.530e-05  -7.617e-05   -0.001129    0.002457
nodv_brk      0.001029  -1.309e-05  -7.389e-05   7.212e-05    0.001937
dist_acc    -1.309e-05   1.939e-05  -9.127e-07 -4.5007e-04   5.680e-05
dist_brk    -7.389e-05  -9.127e-07   5.603e-05   4.266e-07   -0.001621
time_acc     7.212e-05 -4.5007e-04   4.266e-07    0.011010 -7.2479e-04
time_brk      0.001937   5.680e-05   -0.001621 -7.2479e-04    0.047296
asc_lc       -0.004281 -8.6298e-04   -0.002871    0.035694    0.074148
male_lc       0.001469 -2.8443e-04 -2.2864e-04    0.005415    0.007914
male_acc    8.3768e-04   8.670e-05  -9.200e-05   -0.002370    0.002559
male_brk    9.1569e-04  -2.672e-05 -1.5168e-04   7.315e-05    0.004606
oldAge_lc     0.001887  -1.459e-05 -7.9496e-04    0.004124    0.022760
oldAge_acc -4.2413e-04  -1.800e-07   8.989e-05  5.6741e-04   -0.001834
oldAge_brk -3.1414e-04  1.0390e-04   8.688e-05   -0.001575   -0.002207
speed_lc    4.6557e-04  2.3562e-04  6.3909e-04   -0.008641   -0.016831
nodv_lc     1.9479e-04  -2.897e-05   1.308e-05  6.1735e-04 -3.7846e-04
dist_lc     1.6760e-04   1.215e-05  -4.471e-05 -3.2269e-04    0.001304
time_lc      -0.004185 -3.0214e-04  7.3091e-04    0.007947   -0.020937
pos_acc     8.7240e-04  1.7429e-04  -7.715e-05   -0.004516    0.002407
pos_brk       0.001332   5.379e-05 -1.4655e-04   -0.001115    0.002993
pos_lc        0.003499   6.514e-05  4.8500e-04   -0.002654   -0.014634
                asc_lc     male_lc    male_acc    male_brk   oldAge_lc
asc_acc       0.534638    0.017905    0.047053    0.008217   -0.107809
asc_brk       1.114625    0.068297    0.073055    0.017964   -0.159263
speed_acc    -0.105817   -0.003671   -0.010845   -0.002014    0.023928
speed_brk    -0.245024   -0.017580   -0.016397   -0.004892    0.034115
nodv_acc     -0.033144    0.001331    0.001088    0.001001   -0.001978
nodv_brk     -0.004281    0.001469  8.3768e-04  9.1569e-04    0.001887
dist_acc   -8.6298e-04 -2.8443e-04   8.670e-05  -2.672e-05  -1.459e-05
dist_brk     -0.002871 -2.2864e-04  -9.200e-05 -1.5168e-04 -7.9496e-04
time_acc      0.035694    0.005415   -0.002370   7.315e-05    0.004124
time_brk      0.074148    0.007914    0.002559    0.004606    0.022760
asc_lc        3.660147    0.162557    0.044249    0.021474   -0.136776
male_lc       0.162557    0.054546    0.004460    0.013125   -0.021893
male_acc      0.044249    0.004460    0.004989    0.002359   -0.006445
male_brk      0.021474    0.013125    0.002359    0.005443   -0.004041
oldAge_lc    -0.136776   -0.021893   -0.006445   -0.004041    0.084998
oldAge_acc   -0.069814   -0.007274   -0.003289   -0.002077    0.011379
oldAge_brk   -0.018879   -0.004283   -0.001299   -0.002035    0.010234
speed_lc     -0.771327   -0.039969   -0.009525   -0.006348    0.024986
nodv_lc      -0.060120   -0.006393 -7.5639e-04   -0.001413    0.005372
dist_lc       0.008462  4.5151e-04  2.2955e-04  2.8366e-04    0.001160
time_lc      -0.181821   -0.005781   -0.002958   -0.005883   -0.033917
pos_acc       0.019081    0.006188  9.3868e-04    0.003145   -0.008117
pos_brk       0.018814   -0.006206    0.001064   -0.002291    0.004844
pos_lc       -0.247086   -0.019045  8.0708e-04  -1.970e-05    0.039860
            oldAge_acc  oldAge_brk    speed_lc     nodv_lc     dist_lc
asc_acc      -0.007515    0.022138   -0.086427   -0.047156   -0.001518
asc_brk      -0.039973    0.050468   -0.211288   -0.070330    0.004892
speed_acc     0.001520   -0.004808    0.016523    0.009961  3.3027e-04
speed_brk     0.008934   -0.011081    0.046779    0.015804   -0.001193
nodv_acc    -9.631e-06 -7.4031e-04    0.006610  9.7205e-04   5.539e-05
nodv_brk   -4.2413e-04 -3.1414e-04  4.6557e-04  1.9479e-04  1.6760e-04
dist_acc    -1.800e-07  1.0390e-04  2.3562e-04  -2.897e-05   1.215e-05
dist_brk     8.989e-05   8.688e-05  6.3909e-04   1.308e-05  -4.471e-05
time_acc    5.6741e-04   -0.001575   -0.008641  6.1735e-04 -3.2269e-04
time_brk     -0.001834   -0.002207   -0.016831 -3.7846e-04    0.001304
asc_lc       -0.069814   -0.018879   -0.771327   -0.060120    0.008462
male_lc      -0.007274   -0.004283   -0.039969   -0.006393  4.5151e-04
male_acc     -0.003289   -0.001299   -0.009525 -7.5639e-04  2.2955e-04
male_brk     -0.002077   -0.002035   -0.006348   -0.001413  2.8366e-04
oldAge_lc     0.011379    0.010234    0.024986    0.005372    0.001160
oldAge_acc    0.007918    0.003237    0.014854    0.001240  2.6810e-04
oldAge_brk    0.003237    0.003821    0.004224   9.635e-05  1.4079e-04
speed_lc      0.014854    0.004224    0.165223    0.010902   -0.002084
nodv_lc       0.001240   9.635e-05    0.010902    0.005720  -6.556e-05
dist_lc     2.6810e-04  1.4079e-04   -0.002084  -6.556e-05  2.3476e-04
time_lc      -0.008983   -0.005476    0.047642   -0.001419   -0.006113
pos_acc      -0.003245   -0.001557   -0.004603 -2.9277e-04  -6.829e-05
pos_brk      -0.002845  9.8939e-04   -0.002430  1.6674e-04   7.045e-05
pos_lc        0.003594    0.002781    0.039103    0.020758    0.001515
               time_lc     pos_acc     pos_brk      pos_lc
asc_acc       0.084055    0.040361   -0.013541   -0.178575
asc_brk      -0.102798    0.052961    0.013212   -0.162628
speed_acc    -0.018927   -0.009214    0.002965    0.038491
speed_brk     0.025327   -0.012372   -0.003150    0.035637
nodv_acc   -2.4432e-04  6.9625e-04 -2.6435e-04    0.002839
nodv_brk     -0.004185  8.7240e-04    0.001332    0.003499
dist_acc   -3.0214e-04  1.7429e-04   5.379e-05   6.514e-05
dist_brk    7.3091e-04  -7.715e-05 -1.4655e-04  4.8500e-04
time_acc      0.007947   -0.004516   -0.001115   -0.002654
time_brk     -0.020937    0.002407    0.002993   -0.014634
asc_lc       -0.181821    0.019081    0.018814   -0.247086
male_lc      -0.005781    0.006188   -0.006206   -0.019045
male_acc     -0.002958  9.3868e-04    0.001064  8.0708e-04
male_brk     -0.005883    0.003145   -0.002291  -1.970e-05
oldAge_lc    -0.033917   -0.008117    0.004844    0.039860
oldAge_acc   -0.008983   -0.003245   -0.002845    0.003594
oldAge_brk   -0.005476   -0.001557  9.8939e-04    0.002781
speed_lc      0.047642   -0.004603   -0.002430    0.039103
nodv_lc      -0.001419 -2.9277e-04  1.6674e-04    0.020758
dist_lc      -0.006113  -6.829e-05   7.045e-05    0.001515
time_lc       0.168284  6.9288e-04   -0.001927   -0.060722
pos_acc     6.9288e-04    0.009069  2.8801e-04  2.7190e-04
pos_brk      -0.001927  2.8801e-04    0.008397  2.9836e-04
pos_lc       -0.060722  2.7190e-04  2.9836e-04    0.131550

Classical correlation matrix:
               asc_acc     asc_brk   speed_acc   speed_brk    nodv_acc
asc_acc       1.000000    0.405260   -0.996302   -0.400438   -0.019182
asc_brk       0.405260    1.000000   -0.400467   -0.996147   -0.018748
speed_acc    -0.996302   -0.400467    1.000000    0.398133   -0.025871
speed_brk    -0.400438   -0.996147    0.398133    1.000000    0.003198
nodv_acc     -0.019182   -0.018748   -0.025871    0.003198    1.000000
nodv_brk     -0.012232    0.023016   -0.002168   -0.066935    0.354747
dist_acc      0.580501    0.209845   -0.581031   -0.207699    0.031462
dist_brk      0.210947    0.549757   -0.208946   -0.548336    0.007880
time_acc     -0.580634   -0.216993    0.577709    0.213706   -0.098224
time_brk     -0.209342   -0.538266    0.206288    0.533543   -0.030811
asc_lc        0.117770    0.133744   -0.116448   -0.132275   -0.007114
male_lc       0.014824    0.016292   -0.020555   -0.022794    0.001425
male_acc      0.105661    0.048555   -0.161599   -0.067288    0.032190
male_brk      0.046737    0.090943   -0.064876   -0.149140    0.001018
oldAge_lc    -0.012638   -0.013642    0.012146    0.013096    0.012591
oldAge_acc   -0.055862   -0.039037    0.051568    0.037476    0.104374
oldAge_brk   -0.035825   -0.045443    0.034306    0.041496    0.039078
speed_lc     -0.118046   -0.134039    0.117488    0.133430    0.002337
nodv_lc      -0.006924   -0.006623    0.001855    0.001044    0.121072
dist_lc       0.057939    0.064034   -0.057245   -0.063354 -8.5225e-04
time_lc      -0.059882   -0.066577    0.058875    0.065532   -0.006384
pos_acc      -0.057471   -0.024527    0.054270    0.022518    0.035050
pos_brk      -0.026593   -0.057917    0.024614    0.052993    0.013762
pos_lc       -0.009751   -0.011415    0.008821    0.010293    0.008810
              nodv_brk    dist_acc    dist_brk    time_acc    time_brk
asc_acc      -0.012232    0.580501    0.210947   -0.580634   -0.209342
asc_brk       0.023016    0.209845    0.549757   -0.216993   -0.538266
speed_acc    -0.002168   -0.581031   -0.208946    0.577709    0.206288
speed_brk    -0.066935   -0.207699   -0.548336    0.213706    0.533543
nodv_acc      0.354747    0.031462    0.007880   -0.098224   -0.030811
nodv_brk      1.000000    0.007435    0.091525   -0.030543   -0.156440
dist_acc      0.007435    1.000000    0.338757   -0.979256   -0.330278
dist_brk      0.091525    0.338757    1.000000   -0.344190   -0.980023
time_acc     -0.030543   -0.979256   -0.344190    1.000000    0.348502
time_brk     -0.156440   -0.330278   -0.980023    0.348502    1.000000
asc_lc       -0.005772    0.063724    0.070979   -0.065957   -0.070823
male_lc       0.001897  3.8556e-04 -4.1600e-04    0.001765    0.002741
male_acc      0.002206   -0.001132   4.299e-05    0.020177    0.006793
male_brk      0.021709    0.002103   -0.026819    0.004994    0.045326
oldAge_lc     0.013114   -0.001249 -1.3978e-04  2.9378e-04 -7.6743e-04
oldAge_acc    0.036728    0.014332   -0.001871   -0.021256 -7.6990e-04
oldAge_brk    0.099902   -0.002565    0.026859 -2.1095e-04   -0.033845
speed_lc    7.3478e-04   -0.064017   -0.071274    0.065920    0.070735
nodv_lc       0.126437  9.1304e-04    0.003522   -0.008870   -0.011831
dist_lc       0.001659    0.100689    0.108013   -0.102075   -0.105729
time_lc      -0.009103   -0.101787   -0.110175    0.107051    0.112030
pos_acc       0.012232   -0.004643    0.002099   -0.003936   -0.004568
pos_brk       0.040818  4.8458e-04    0.014931   -0.003063   -0.022306
pos_lc        0.009070  4.6977e-04    0.002083   -0.001799   -0.003426
                asc_lc     male_lc    male_acc    male_brk   oldAge_lc
asc_acc       0.117770    0.014824    0.105661    0.046737   -0.012638
asc_brk       0.133744    0.016292    0.048555    0.090943   -0.013642
speed_acc    -0.116448   -0.020555   -0.161599   -0.064876    0.012146
speed_brk    -0.132275   -0.022794   -0.067288   -0.149140    0.013096
nodv_acc     -0.007114    0.001425    0.032190    0.001018    0.012591
nodv_brk     -0.005772    0.001897    0.002206    0.021709    0.013114
dist_acc      0.063724  3.8556e-04   -0.001132    0.002103   -0.001249
dist_brk      0.070979 -4.1600e-04   4.299e-05   -0.026819 -1.3978e-04
time_acc     -0.065957    0.001765    0.020177    0.004994  2.9378e-04
time_brk     -0.070823    0.002741    0.006793    0.045326 -7.6743e-04
asc_lc        1.000000    0.056559    0.016058    0.017901   -0.070238
male_lc       0.056559    1.000000    0.105285    0.115119   -0.319597
male_acc      0.016058    0.105285    1.000000    0.336705   -0.045584
male_brk      0.017901    0.115119    0.336705    1.000000   -0.049705
oldAge_lc    -0.070238   -0.319597   -0.045584   -0.049705    1.000000
oldAge_acc   -0.012720   -0.041226   -0.390352   -0.131681    0.116593
oldAge_brk   -0.013922   -0.044919   -0.130853   -0.376174    0.127061
speed_lc     -0.995804   -0.120348   -0.022128   -0.024508    0.066067
nodv_lc      -0.097934    0.005243    0.002049    0.001288    0.074725
dist_lc       0.557623    0.009330 -1.1854e-04  6.6488e-04   -0.008924
time_lc      -0.564621    0.009683    0.002103    0.001496    0.006681
pos_acc       0.008940   -0.005401   -0.095797   -0.025439    0.001952
pos_brk       0.015367   -0.003662   -0.026656   -0.090887   -0.002339
pos_lc       -0.138716   -0.062559   -0.014403   -0.015297    0.064031
            oldAge_acc  oldAge_brk    speed_lc     nodv_lc     dist_lc
asc_acc      -0.055862   -0.035825   -0.118046   -0.006924    0.057939
asc_brk      -0.039037   -0.045443   -0.134039   -0.006623    0.064034
speed_acc     0.051568    0.034306    0.117488    0.001855   -0.057245
speed_brk     0.037476    0.041496    0.133430    0.001044   -0.063354
nodv_acc      0.104374    0.039078    0.002337    0.121072 -8.5225e-04
nodv_brk      0.036728    0.099902  7.3478e-04    0.126437    0.001659
dist_acc      0.014332   -0.002565   -0.064017  9.1304e-04    0.100689
dist_brk     -0.001871    0.026859   -0.071274    0.003522    0.108013
time_acc     -0.021256 -2.1095e-04    0.065920   -0.008870   -0.102075
time_brk   -7.6990e-04   -0.033845    0.070735   -0.011831   -0.105729
asc_lc       -0.012720   -0.013922   -0.995804   -0.097934    0.557623
male_lc      -0.041226   -0.044919   -0.120348    0.005243    0.009330
male_acc     -0.390352   -0.130853   -0.022128    0.002049 -1.1854e-04
male_brk     -0.131681   -0.376174   -0.024508    0.001288  6.6488e-04
oldAge_lc     0.116593    0.127061    0.066067    0.074725   -0.008924
oldAge_acc    1.000000    0.333848    0.012441    0.011803   -0.001112
oldAge_brk    0.333848    1.000000    0.013584    0.013341   -0.001299
speed_lc      0.012441    0.013584    1.000000    0.058136   -0.560754
nodv_lc       0.011803    0.013341    0.058136    1.000000   -0.034674
dist_lc      -0.001112   -0.001299   -0.560754   -0.034674    1.000000
time_lc     3.0437e-04  5.0540e-04    0.564817   -0.041429   -0.980489
pos_acc       0.013933    0.004029   -0.009973    0.015501    0.001383
pos_brk       0.004688    0.018932   -0.016269    0.006366    0.010722
pos_lc        0.002586    0.002828    0.110820    0.131845   -0.025015
               time_lc     pos_acc     pos_brk      pos_lc
asc_acc      -0.059882   -0.057471   -0.026593   -0.009751
asc_brk      -0.066577   -0.024527   -0.057917   -0.011415
speed_acc     0.058875    0.054270    0.024614    0.008821
speed_brk     0.065532    0.022518    0.052993    0.010293
nodv_acc     -0.006384    0.035050    0.013762    0.008810
nodv_brk     -0.009103    0.012232    0.040818    0.009070
dist_acc     -0.101787   -0.004643  4.8458e-04  4.6977e-04
dist_brk     -0.110175    0.002099    0.014931    0.002083
time_acc      0.107051   -0.003936   -0.003063   -0.001799
time_brk      0.112030   -0.004568   -0.022306   -0.003426
asc_lc       -0.564621    0.008940    0.015367   -0.138716
male_lc       0.009683   -0.005401   -0.003662   -0.062559
male_acc      0.002103   -0.095797   -0.026656   -0.014403
male_brk      0.001496   -0.025439   -0.090887   -0.015297
oldAge_lc     0.006681    0.001952   -0.002339    0.064031
oldAge_acc  3.0437e-04    0.013933    0.004688    0.002586
oldAge_brk  5.0540e-04    0.004029    0.018932    0.002828
speed_lc      0.564817   -0.009973   -0.016269    0.110820
nodv_lc      -0.041429    0.015501    0.006366    0.131845
dist_lc      -0.980489    0.001383    0.010722   -0.025015
time_lc       1.000000   -0.002698   -0.011793    0.013736
pos_acc      -0.002698    1.000000    0.328592    0.156467
pos_brk      -0.011793    0.328592    1.000000    0.179469
pos_lc        0.013736    0.156467    0.179469    1.000000

Robust correlation matrix:
               asc_acc     asc_brk   speed_acc   speed_brk    nodv_acc
asc_acc        1.00000     0.83036    -0.99896    -0.82856    0.045087
asc_brk        0.83036     1.00000    -0.82230    -0.99932   -0.079894
speed_acc     -0.99896    -0.82230     1.00000     0.82098   -0.087007
speed_brk     -0.82856    -0.99932     0.82098     1.00000    0.064917
nodv_acc       0.04509    -0.07989    -0.08701     0.06492    1.000000
nodv_brk      -0.16435    -0.23224     0.14485     0.20368    0.460338
dist_acc       0.73318     0.78387    -0.74095    -0.78279    0.157351
dist_brk       0.12277     0.14632    -0.10556    -0.13027   -0.278718
time_acc      -0.67599    -0.74225     0.68719     0.74326   -0.294725
time_brk      -0.07983    -0.11894     0.06163     0.10274    0.309469
asc_lc         0.20116     0.26409    -0.17787    -0.26309   -0.474501
male_lc        0.05518     0.13256    -0.05055    -0.15462    0.156062
male_acc       0.47955     0.46885    -0.49378    -0.47690    0.421727
male_brk       0.08017     0.11037    -0.08779    -0.13621    0.371699
oldAge_lc     -0.26618    -0.24762     0.26393     0.24037   -0.185855
oldAge_acc    -0.06079    -0.20363     0.05495     0.20624   -0.002965
oldAge_brk     0.25779     0.37008    -0.25014    -0.36824   -0.328023
speed_lc      -0.15305    -0.23562     0.13072     0.23641    0.445408
nodv_lc       -0.44881    -0.42152     0.42355     0.42924    0.352026
dist_lc       -0.07134     0.14473     0.06932    -0.15988    0.099013
time_lc        0.14749    -0.11359    -0.14837     0.12683   -0.016313
pos_acc        0.30507     0.25208    -0.31113    -0.26687    0.200242
pos_brk       -0.10637     0.06535     0.10404    -0.07062   -0.079012
pos_lc        -0.35441    -0.20325     0.34127     0.20184    0.214422
              nodv_brk    dist_acc    dist_brk    time_acc    time_brk
asc_acc       -0.16435     0.73318     0.12277   -0.675987    -0.07983
asc_brk       -0.23224     0.78387     0.14632   -0.742253    -0.11894
speed_acc      0.14485    -0.74095    -0.10556    0.687186     0.06163
speed_brk      0.20368    -0.78279    -0.13027    0.743260     0.10274
nodv_acc       0.46034     0.15735    -0.27872   -0.294725     0.30947
nodv_brk       1.00000    -0.09271    -0.30778    0.021429     0.27761
dist_acc      -0.09271     1.00000    -0.02769   -0.974134     0.05931
dist_brk      -0.30778    -0.02769     1.00000  5.4316e-04    -0.99563
time_acc       0.02143    -0.97413  5.4316e-04    1.000000    -0.03176
time_brk       0.27761     0.05931    -0.99563   -0.031763     1.00000
asc_lc        -0.06976    -0.10244    -0.20051    0.177810     0.17821
male_lc        0.19607    -0.27657    -0.13079    0.220984     0.15582
male_acc       0.36977     0.27876    -0.17401   -0.319854     0.16657
male_brk       0.38694    -0.08224    -0.27466    0.009449     0.28706
oldAge_lc      0.20183    -0.01137    -0.36429    0.134803     0.35896
oldAge_acc    -0.14861 -4.5931e-04     0.13497    0.060773    -0.09477
oldAge_brk    -0.15844     0.38170     0.18776   -0.242860    -0.16416
speed_lc       0.03571     0.13164     0.21005   -0.202613    -0.19040
nodv_lc        0.08030    -0.08700     0.02311    0.077795    -0.02301
dist_lc        0.34104     0.18002    -0.38987   -0.200718     0.39126
time_lc       -0.31806    -0.16727     0.23804    0.184631    -0.23468
pos_acc        0.28560     0.41562    -0.10824   -0.451919     0.11623
pos_brk        0.45334     0.13330    -0.21366   -0.115982     0.15019
pos_lc         0.30073     0.04079     0.17865   -0.069739    -0.18552
                asc_lc     male_lc    male_acc    male_brk   oldAge_lc
asc_acc        0.20116     0.05518     0.47955    0.080170    -0.26618
asc_brk        0.26409     0.13256     0.46885    0.110367    -0.24762
speed_acc     -0.17787    -0.05055    -0.49378   -0.087792     0.26393
speed_brk     -0.26309    -0.15462    -0.47690   -0.136205     0.24037
nodv_acc      -0.47450     0.15606     0.42173    0.371699    -0.18585
nodv_brk      -0.06976     0.19607     0.36977    0.386939     0.20183
dist_acc      -0.10244    -0.27657     0.27876   -0.082237    -0.01137
dist_brk      -0.20051    -0.13079    -0.17401   -0.274665    -0.36429
time_acc       0.17781     0.22098    -0.31985    0.009449     0.13480
time_brk       0.17821     0.15582     0.16657    0.287062     0.35896
asc_lc         1.00000     0.36381     0.32746    0.152136    -0.24522
male_lc        0.36381     1.00000     0.27037    0.761727    -0.32153
male_acc       0.32746     0.27037     1.00000    0.452725    -0.31298
male_brk       0.15214     0.76173     0.45272    1.000000    -0.18789
oldAge_lc     -0.24522    -0.32153    -0.31298   -0.187886     1.00000
oldAge_acc    -0.41011    -0.35003    -0.52326   -0.316417     0.43865
oldAge_brk    -0.15964    -0.29669    -0.29742   -0.446183     0.56784
speed_lc      -0.99187    -0.42103    -0.33178   -0.211661     0.21084
nodv_lc       -0.41550    -0.36194    -0.14160   -0.253148     0.24362
dist_lc        0.28868     0.12618     0.21212    0.250931     0.25963
time_lc       -0.23167    -0.06034    -0.10208   -0.194384    -0.28359
pos_acc        0.10473     0.27822     0.13955    0.447561    -0.29236
pos_brk        0.10732    -0.28997     0.16437   -0.338843     0.18132
pos_lc        -0.35609    -0.22483     0.03151 -7.3628e-04     0.37695
            oldAge_acc  oldAge_brk    speed_lc     nodv_lc     dist_lc
asc_acc      -0.060794     0.25779    -0.15305    -0.44881    -0.07134
asc_brk      -0.203631     0.37008    -0.23562    -0.42152     0.14473
speed_acc     0.054947    -0.25014     0.13072     0.42355     0.06932
speed_brk     0.206240    -0.36824     0.23641     0.42924    -0.15988
nodv_acc     -0.002965    -0.32802     0.44541     0.35203     0.09901
nodv_brk     -0.148606    -0.15844     0.03571     0.08030     0.34104
dist_acc   -4.5931e-04     0.38170     0.13164    -0.08700     0.18002
dist_brk      0.134968     0.18776     0.21005     0.02311    -0.38987
time_acc      0.060773    -0.24286    -0.20261     0.07779    -0.20072
time_brk     -0.094774    -0.16416    -0.19040    -0.02301     0.39126
asc_lc       -0.410108    -0.15964    -0.99187    -0.41550     0.28868
male_lc      -0.350034    -0.29669    -0.42103    -0.36194     0.12618
male_acc     -0.523262    -0.29742    -0.33178    -0.14160     0.21212
male_brk     -0.316417    -0.44618    -0.21166    -0.25315     0.25093
oldAge_lc     0.438650     0.56784     0.21084     0.24362     0.25963
oldAge_acc    1.000000     0.58856     0.41070     0.18427     0.19665
oldAge_brk    0.588561     1.00000     0.16813     0.02061     0.14865
speed_lc      0.410696     0.16813     1.00000     0.35464    -0.33467
nodv_lc       0.184267     0.02061     0.35464     1.00000    -0.05658
dist_lc       0.196651     0.14865    -0.33467    -0.05658     1.00000
time_lc      -0.246087    -0.21596     0.28572    -0.04572    -0.97262
pos_acc      -0.382941    -0.26444    -0.11890    -0.04065    -0.04680
pos_brk      -0.348879     0.17466    -0.06523     0.02406     0.05017
pos_lc        0.111368     0.12404     0.26523     0.75673     0.27258
               time_lc     pos_acc     pos_brk      pos_lc
asc_acc        0.14749    0.305072   -0.106366   -0.354409
asc_brk       -0.11359    0.252079    0.065353   -0.203247
speed_acc     -0.14837   -0.311129    0.104036    0.341275
speed_brk      0.12683   -0.266875   -0.070622    0.201836
nodv_acc      -0.01631    0.200242   -0.079012    0.214422
nodv_brk      -0.31806    0.285600    0.453336    0.300735
dist_acc      -0.16727    0.415622    0.133296    0.040788
dist_brk       0.23804   -0.108236   -0.213663    0.178647
time_acc       0.18463   -0.451919   -0.115982   -0.069739
time_brk      -0.23468    0.116229    0.150189   -0.185525
asc_lc        -0.23167    0.104726    0.107315   -0.356086
male_lc       -0.06034    0.278221   -0.289967   -0.224833
male_acc      -0.10208    0.139553    0.164370    0.031506
male_brk      -0.19438    0.447561   -0.338843 -7.3628e-04
oldAge_lc     -0.28359   -0.292363    0.181321    0.376953
oldAge_acc    -0.24609   -0.382941   -0.348879    0.111368
oldAge_brk    -0.21596   -0.264441    0.174664    0.124044
speed_lc       0.28572   -0.118903   -0.065231    0.265233
nodv_lc       -0.04572   -0.040647    0.024058    0.756728
dist_lc       -0.97262   -0.046803    0.050173    0.272580
time_lc        1.00000    0.017736   -0.051255   -0.408112
pos_acc        0.01774    1.000000    0.033003    0.007872
pos_brk       -0.05126    0.033003    1.000000    0.008977
pos_lc        -0.40811    0.007872    0.008977    1.000000

 13 worst outliers in terms of lowest average per choice prediction:
 ID Avg prob per choice
 11                   0
 13                   0
 21                   0
 31                   0
 32                   0
 33                   0
 41                   0
 42                   0
 43                   0
 51                   0
 52                   0
 61                   0
 62                   0

Changes in parameter estimates from starting values:
               Initial    Estimate  Difference
asc_acc          0.000    6.324754    6.324754
asc_brk          0.000    8.502061    8.502061
speed_acc        0.000   -1.624212   -1.624212
speed_brk        0.000   -2.010256   -2.010256
nodv_acc         0.000    0.146252    0.146252
nodv_brk         0.000    0.002354    0.002354
dist_acc         0.000    0.002425    0.002425
dist_brk         0.000    0.027486    0.027486
time_acc         0.000   -0.118043   -0.118043
time_brk         0.000   -0.751152   -0.751152
asc_lc           0.000   -4.963888   -4.963888
male_lc          0.000    0.318106    0.318106
male_acc         0.000    0.096975    0.096975
male_brk         0.000    0.165210    0.165210
oldAge_lc        0.000   -0.051220   -0.051220
oldAge_acc       0.000    0.050304    0.050304
oldAge_brk       0.000   -0.095344   -0.095344
speed_lc         0.000    0.227686    0.227686
nodv_lc          0.000    0.104268    0.104268
dist_lc          0.000   -0.014356   -0.014356
time_lc          0.000    0.260460    0.260460
pos_acc          0.000   -0.160258   -0.160258
pos_brk          0.000   -0.064900   -0.064900
pos_lc           0.000    2.019977    2.019977

Settings and functions used in model definition:

apollo_control
--------------
                       Value          
modelName              "MNL_LLC_Model"
modelDescr             "MNL LLC"      
indivID                "Driver_tag"   
workInLogs             "TRUE"         
outputDirectory        "output/"      
debug                  "FALSE"        
nCores                 "1"            
