Model run by sprab using Apollo 0.2.7 on R 4.1.2 for Windows.
www.ApolloChoiceModelling.com

Model name                       : LaneChangeasCont
Model description                : LC as cont event
Model run at                     : 2022-07-24 17:11:48
Estimation method                : bfgs
Model diagnosis                  : successful convergence 
Number of individuals            : 13
Number of rows in database       : 10803
Number of modelled outcomes      : 10803

Number of cores used             :  1 
Model without mixing

LL(start)                        : -17386.76
LL(0)                            : -17386.76
LL(C)                            : -16186
LL(final)                        : -14710.13
Rho-square (0)                   :  0.1539 
Adj.Rho-square (0)               :  0.1521 
Rho-square (C)                   :  0.0912 
Adj.Rho-square (C)               :  0.0892 
AIC                              :  29484.25 
BIC                              :  29717.45 

Estimated parameters             :  32
Time taken (hh:mm:ss)            :  00:01:25.44 
     pre-estimation              :  00:00:1.5 
     estimation                  :  00:00:34.58 
     post-estimation             :  00:00:49.36 
Iterations                       :  42  
Min abs eigenvalue of Hessian    :  0.377998 

Unconstrained optimisation.

Estimates:
              Estimate        s.e.   t.rat.(0)    Rob.s.e. Rob.t.rat.(0)
asc_acc       7.598545    0.864737     8.78712    1.313923      5.783096
asc_brk       9.851263    0.798581    12.33596    2.011360      4.897813
speed_acc    -1.765884    0.189865    -9.30074    0.295056     -5.984907
speed_brk    -2.168354    0.175341   -12.36650    0.446850     -4.852527
nodv_acc      0.161353    0.025576     6.30865    0.045408      3.553388
nodv_brk      0.013798    0.024755     0.55741    0.040542      0.340345
dist_acc      0.006698    0.005431     1.23314    0.004629      1.446847
dist_brk      0.031296    0.004971     6.29529    0.008333      3.755581
time_acc     -0.239762    0.148487    -1.61470    0.108385     -2.212143
time_brk     -0.859261    0.140338    -6.12279    0.241239     -3.561867
asc_llc       2.032003    1.294357     1.56989    2.172303      0.935414
asc_rlc      -2.366971    1.343428    -1.76189    2.173616     -1.088956
male_llc      0.722493    0.111297     6.49155    0.174503      4.140284
male_rlc      0.210477    0.113336     1.85712    0.365581      0.575734
male_acc      0.138295    0.070288     1.96753    0.067495      2.048972
male_brk      0.213964    0.066158     3.23412    0.077589      2.757647
oldAge_llc   -0.109163    0.090053    -1.21221    0.241383     -0.452241
oldAge_rlc    0.375515    0.096331     3.89819    0.438334      0.856687
oldAge_acc    0.058545    0.064086     0.91353    0.091177      0.642096
oldAge_brk   -0.086160    0.060479    -1.42463    0.064605     -1.333644
speed_llc    -0.907385    0.282994    -3.20637    0.465324     -1.950006
speed_rlc     0.004809    0.292533     0.01644    0.498781      0.009642
nodv_llc      0.287436    0.036413     7.89386    0.088641      3.242709
nodv_rlc     -0.059070    0.040415    -1.46158    0.065999     -0.895014
dist_llc      0.010001    0.008575     1.16630    0.014677      0.681370
dist_rlc     -0.032999    0.008833    -3.73581    0.021890     -1.507484
time_llc     -0.416571    0.240937    -1.72896    0.440221     -0.946275
time_rlc      0.805867    0.233765     3.44734    0.556030      1.449323
pos_acc      -0.118625    0.072449    -1.63735    0.099418     -1.193191
pos_brk      -0.037682    0.066989    -0.56252    0.087347     -0.431409
pos_llc      -0.605605    0.116564    -5.19548    0.350176     -1.729429
pos_rlc       2.780214    0.078122    35.58801    0.561630      4.950257


Overview of choices for MNL model component :
                                      nor      acc     brk      llc
Times available                  10803.00 10803.00 10803.0 10803.00
Times chosen                      3000.00  2557.00  3230.0   854.00
Percentage chosen overall           27.77    23.67    29.9     7.91
Percentage chosen when available    27.77    23.67    29.9     7.91
                                      rlc
Times available                  10803.00
Times chosen                      1162.00
Percentage chosen overall           10.76
Percentage chosen when available    10.76


Classical covariance matrix:
               asc_acc     asc_brk   speed_acc   speed_brk    nodv_acc
asc_acc       0.747769    0.394712   -0.163610   -0.085839 -8.1825e-04
asc_brk       0.394712    0.637731   -0.085811   -0.139526 -7.2738e-04
speed_acc    -0.163610   -0.085811    0.036049    0.018773  -3.376e-05
speed_brk    -0.085839   -0.139526    0.018773    0.030744   6.102e-05
nodv_acc   -8.1825e-04 -7.2738e-04  -3.376e-05   6.102e-05  6.5416e-04
nodv_brk   -6.2571e-04 -1.8842e-04   3.880e-05 -1.4447e-04  3.2791e-04
dist_acc      0.002766    0.001354 -6.0811e-04 -2.9531e-04   2.182e-06
dist_brk      0.001344    0.002257 -2.9316e-04 -4.9502e-04  -3.437e-08
time_acc     -0.075816   -0.038008    0.016574    0.008249 -3.1481e-04
time_brk     -0.037810   -0.062917    0.008204    0.013722 -1.2140e-04
asc_llc       0.386509    0.384352   -0.084096   -0.083643 -5.5758e-04
asc_rlc       0.371669    0.375354   -0.080840   -0.081659 -8.3851e-04
male_llc      0.004145    0.004159   -0.001238   -0.001235   8.566e-06
male_rlc      0.004400    0.004321   -0.001281   -0.001270   1.348e-05
male_acc      0.007556    0.004379   -0.002379   -0.001286   5.271e-05
male_brk      0.004374    0.006143   -0.001284   -0.001990   6.141e-06
oldAge_llc   -0.002758   -0.002791  5.8194e-04  5.9072e-04   8.877e-05
oldAge_rlc   -0.002801   -0.002751  5.9444e-04  5.8348e-04   7.757e-05
oldAge_acc   -0.003771   -0.002899  7.8106e-04  6.1427e-04  1.7367e-04
oldAge_brk   -0.002816   -0.003053  5.9556e-04  6.3243e-04   8.698e-05
speed_llc    -0.083987   -0.083499    0.018387    0.018282   2.228e-05
speed_rlc    -0.080830   -0.081605    0.017690    0.017864   8.737e-05
nodv_llc   -6.8411e-04 -7.2899e-04   4.888e-05   6.227e-05  3.3303e-04
nodv_rlc   -7.2599e-04 -7.0877e-04   6.086e-05   5.718e-05  3.1922e-04
dist_llc      0.001327    0.001330 -2.8922e-04 -2.9029e-04  -3.567e-07
dist_rlc      0.001300    0.001271 -2.8321e-04 -2.7696e-04  -8.899e-07
time_llc     -0.037338   -0.037461    0.008099    0.008133 -1.1694e-04
time_rlc     -0.036488   -0.035783    0.007911    0.007762  -9.990e-05
pos_acc      -0.003632   -0.001908  7.3272e-04  3.7801e-04   5.209e-05
pos_brk      -0.002011   -0.003026  4.0080e-04  5.9376e-04   3.255e-05
pos_llc      -0.001986   -0.001852  3.9757e-04  3.6685e-04   2.727e-05
pos_rlc      -0.001607   -0.001688  3.1295e-04  3.3012e-04   3.924e-05
              nodv_brk    dist_acc    dist_brk    time_acc    time_brk
asc_acc    -6.2571e-04    0.002766    0.001344   -0.075816   -0.037810
asc_brk    -1.8842e-04    0.001354    0.002257   -0.038008   -0.062917
speed_acc    3.880e-05 -6.0811e-04 -2.9316e-04    0.016574    0.008204
speed_brk  -1.4447e-04 -2.9531e-04 -4.9502e-04    0.008249    0.013722
nodv_acc    3.2791e-04   2.182e-06  -3.437e-08 -3.1481e-04 -1.2140e-04
nodv_brk    6.1279e-04   6.635e-08   7.147e-06 -1.2691e-04 -4.3134e-04
dist_acc     6.635e-08   2.950e-05   1.359e-05 -7.8952e-04 -3.7354e-04
dist_brk     7.147e-06   1.359e-05   2.471e-05 -3.7283e-04 -6.8367e-04
time_acc   -1.2691e-04 -7.8952e-04 -3.7283e-04    0.022048    0.010658
time_brk   -4.3134e-04 -3.7354e-04 -6.8367e-04    0.010658    0.019695
asc_llc    -5.5852e-04    0.001336    0.001327   -0.037588   -0.037342
asc_rlc    -7.9144e-04    0.001298    0.001267   -0.036425   -0.035715
male_llc     1.160e-05   4.481e-06   3.536e-06  -2.785e-05  -7.304e-06
male_rlc     1.371e-05   4.045e-06   3.248e-06  -1.761e-05   4.160e-06
male_acc     8.863e-06   7.164e-06   4.075e-06  -1.025e-05  -1.957e-05
male_brk     3.407e-05   4.824e-06   4.027e-07  -3.687e-05  1.5556e-04
oldAge_llc   8.397e-05  -1.549e-06  -1.516e-06  -3.969e-06  -2.166e-06
oldAge_rlc   8.161e-05  -2.485e-06  -1.128e-06   2.388e-05  -1.233e-05
oldAge_acc   8.573e-05   2.065e-06  -1.774e-06 -1.4799e-04   4.697e-06
oldAge_brk  1.5172e-04  -1.902e-06   4.454e-06   6.351e-06 -2.0734e-04
speed_llc    2.454e-05 -2.9131e-04 -2.8918e-04    0.008156    0.008099
speed_rlc    7.579e-05 -2.8294e-04 -2.7599e-04    0.007899    0.007743
nodv_llc    3.2567e-04   1.771e-08   2.182e-07 -1.2858e-04 -1.2966e-04
nodv_rlc    3.2196e-04  -7.911e-07   3.484e-09  -9.938e-05 -1.1844e-04
dist_llc     2.492e-07   1.378e-05   1.371e-05 -3.7838e-04 -3.7710e-04
dist_rlc    -5.875e-07   1.385e-05   1.293e-05 -3.7983e-04 -3.5622e-04
time_llc   -1.3116e-04 -3.7871e-04 -3.7702e-04    0.010814    0.010779
time_rlc   -1.0678e-04 -3.7900e-04 -3.5592e-04    0.010792    0.010203
pos_acc      3.178e-05  -1.088e-05  -3.896e-06  2.4692e-04   8.275e-05
pos_brk      5.920e-05  -4.381e-06  -5.107e-06   9.597e-05   9.723e-05
pos_llc      3.059e-05  -4.404e-06  -3.759e-06   9.845e-05   8.031e-05
pos_rlc      3.821e-05  -4.139e-06  -3.338e-06   8.825e-05   6.789e-05
               asc_llc     asc_rlc    male_llc    male_rlc    male_acc
asc_acc       0.386509    0.371669    0.004145    0.004400    0.007556
asc_brk       0.384352    0.375354    0.004159    0.004321    0.004379
speed_acc    -0.084096   -0.080840   -0.001238   -0.001281   -0.002379
speed_brk    -0.083643   -0.081659   -0.001235   -0.001270   -0.001286
nodv_acc   -5.5758e-04 -8.3851e-04   8.566e-06   1.348e-05   5.271e-05
nodv_brk   -5.5852e-04 -7.9144e-04   1.160e-05   1.371e-05   8.863e-06
dist_acc      0.001336    0.001298   4.481e-06   4.045e-06   7.164e-06
dist_brk      0.001327    0.001267   3.536e-06   3.248e-06   4.075e-06
time_acc     -0.037588   -0.036425  -2.785e-05  -1.761e-05  -1.025e-05
time_brk     -0.037342   -0.035715  -7.304e-06   4.160e-06  -1.957e-05
asc_llc       1.675361    0.349517    0.015987    0.004181    0.004594
asc_rlc       0.349517    1.804798    0.004163    0.012592    0.004452
male_llc      0.015987    0.004163    0.012387    0.002021    0.002322
male_rlc      0.004181    0.012592    0.002021    0.012845    0.002215
male_acc      0.004594    0.004452    0.002322    0.002215    0.004940
male_brk      0.004748    0.004452    0.002280    0.002254    0.002300
oldAge_llc   -0.010840   -0.002705   -0.003216 -7.4141e-04 -8.3157e-04
oldAge_rlc   -0.002697   -0.009711 -7.4117e-04   -0.003990 -8.0562e-04
oldAge_acc   -0.002894   -0.002810 -8.3539e-04 -8.0270e-04   -0.001775
oldAge_brk   -0.002941   -0.002761 -8.2332e-04 -8.1594e-04 -8.3307e-04
speed_llc    -0.364760   -0.075940   -0.005580   -0.001202   -0.001340
speed_rlc    -0.075984   -0.391364   -0.001198   -0.004754   -0.001291
nodv_llc     -0.002808 -8.2684e-04  1.4093e-04   4.710e-06   1.835e-05
nodv_rlc   -7.2765e-04   -0.005782   1.157e-05   5.798e-05   1.387e-05
dist_llc      0.006521    0.001206   2.705e-06   2.865e-06   4.458e-06
dist_rlc      0.001208    0.006800   4.417e-06   4.957e-05   3.770e-06
time_llc     -0.182551   -0.033950  3.1343e-04   1.158e-05  -3.131e-05
time_rlc     -0.033964   -0.183568  -3.054e-05 -7.4952e-04  -9.475e-06
pos_acc      -0.002302    0.001617 -1.6258e-04  -9.884e-05 -3.8770e-04
pos_brk      -0.002346    0.002354 -1.6581e-04  -5.867e-05 -1.5580e-04
pos_llc      -0.007696  4.7643e-04   -0.001104   7.875e-05 -1.6406e-04
pos_rlc      -0.001536   -0.010410 -1.5733e-04 -2.9871e-04 -1.5771e-04
              male_brk  oldAge_llc  oldAge_rlc  oldAge_acc  oldAge_brk
asc_acc       0.004374   -0.002758   -0.002801   -0.003771   -0.002816
asc_brk       0.006143   -0.002791   -0.002751   -0.002899   -0.003053
speed_acc    -0.001284  5.8194e-04  5.9444e-04  7.8106e-04  5.9556e-04
speed_brk    -0.001990  5.9072e-04  5.8348e-04  6.1427e-04  6.3243e-04
nodv_acc     6.141e-06   8.877e-05   7.757e-05  1.7367e-04   8.698e-05
nodv_brk     3.407e-05   8.397e-05   8.161e-05   8.573e-05  1.5172e-04
dist_acc     4.824e-06  -1.549e-06  -2.485e-06   2.065e-06  -1.902e-06
dist_brk     4.027e-07  -1.516e-06  -1.128e-06  -1.774e-06   4.454e-06
time_acc    -3.687e-05  -3.969e-06   2.388e-05 -1.4799e-04   6.351e-06
time_brk    1.5556e-04  -2.166e-06  -1.233e-05   4.697e-06 -2.0734e-04
asc_llc       0.004748   -0.010840   -0.002697   -0.002894   -0.002941
asc_rlc       0.004452   -0.002705   -0.009711   -0.002810   -0.002761
male_llc      0.002280   -0.003216 -7.4117e-04 -8.3539e-04 -8.2332e-04
male_rlc      0.002254 -7.4141e-04   -0.003990 -8.0270e-04 -8.1594e-04
male_acc      0.002300 -8.3157e-04 -8.0562e-04   -0.001775 -8.3307e-04
male_brk      0.004377 -8.2468e-04 -8.1666e-04 -8.3479e-04   -0.001536
oldAge_llc -8.2468e-04    0.008110    0.001759    0.001931    0.001907
oldAge_rlc -8.1666e-04    0.001759    0.009280    0.001871    0.001890
oldAge_acc -8.3479e-04    0.001931    0.001871    0.004107    0.001925
oldAge_brk   -0.001536    0.001907    0.001890    0.001925    0.003658
speed_llc    -0.001363    0.002259  5.7035e-04  6.1346e-04  6.2312e-04
speed_rlc    -0.001296  5.7173e-04    0.001896  5.9502e-04  5.8437e-04
nodv_llc     7.204e-06  3.9378e-04   7.339e-05   8.504e-05   8.574e-05
nodv_rlc     1.282e-05   7.667e-05  1.8392e-04   8.182e-05   8.265e-05
dist_llc     5.777e-06   2.835e-07  -1.885e-06  -1.885e-06  -2.366e-06
dist_rlc     4.597e-06  -2.302e-06  -2.057e-05  -2.282e-06  -1.713e-06
time_llc    -6.608e-05 -2.1149e-04   9.089e-06   6.121e-06   1.923e-05
time_rlc    -3.281e-05   1.956e-05  4.4410e-04   1.721e-05   3.000e-06
pos_acc    -1.5283e-04   7.050e-05   8.615e-05  1.4453e-04   7.210e-05
pos_brk    -3.2180e-04   7.710e-05   3.309e-05   7.357e-05  1.4834e-04
pos_llc    -1.5561e-04   3.277e-05   3.069e-05   7.271e-05   7.126e-05
pos_rlc    -1.5711e-04   6.797e-05    0.001359   7.334e-05   7.459e-05
             speed_llc   speed_rlc    nodv_llc    nodv_rlc    dist_llc
asc_acc      -0.083987   -0.080830 -6.8411e-04 -7.2599e-04    0.001327
asc_brk      -0.083499   -0.081605 -7.2899e-04 -7.0877e-04    0.001330
speed_acc     0.018387    0.017690   4.888e-05   6.086e-05 -2.8922e-04
speed_brk     0.018282    0.017864   6.227e-05   5.718e-05 -2.9029e-04
nodv_acc     2.228e-05   8.737e-05  3.3303e-04  3.1922e-04  -3.567e-07
nodv_brk     2.454e-05   7.579e-05  3.2567e-04  3.2196e-04   2.492e-07
dist_acc   -2.9131e-04 -2.8294e-04   1.771e-08  -7.911e-07   1.378e-05
dist_brk   -2.8918e-04 -2.7599e-04   2.182e-07   3.484e-09   1.371e-05
time_acc      0.008156    0.007899 -1.2858e-04  -9.938e-05 -3.7838e-04
time_brk      0.008099    0.007743 -1.2966e-04 -1.1844e-04 -3.7710e-04
asc_llc      -0.364760   -0.075984   -0.002808 -7.2765e-04    0.006521
asc_rlc      -0.075940   -0.391364 -8.2684e-04   -0.005782    0.001206
male_llc     -0.005580   -0.001198  1.4093e-04   1.157e-05   2.705e-06
male_rlc     -0.001202   -0.004754   4.710e-06   5.798e-05   2.865e-06
male_acc     -0.001340   -0.001291   1.835e-05   1.387e-05   4.458e-06
male_brk     -0.001363   -0.001296   7.204e-06   1.282e-05   5.777e-06
oldAge_llc    0.002259  5.7173e-04  3.9378e-04   7.667e-05   2.835e-07
oldAge_rlc  5.7035e-04    0.001896   7.339e-05  1.8392e-04  -1.885e-06
oldAge_acc  6.1346e-04  5.9502e-04   8.504e-05   8.182e-05  -1.885e-06
oldAge_brk  6.2312e-04  5.8437e-04   8.574e-05   8.265e-05  -2.366e-06
speed_llc     0.080086    0.016610  1.4103e-04   6.898e-05   -0.001426
speed_rlc     0.016610    0.085576   9.265e-05  8.3108e-04 -2.6260e-04
nodv_llc    1.4103e-04   9.265e-05    0.001326  2.9750e-04   1.253e-05
nodv_rlc     6.898e-05  8.3108e-04  2.9750e-04    0.001633  -1.017e-06
dist_llc     -0.001426 -2.6260e-04   1.253e-05  -1.017e-06   7.353e-05
dist_rlc   -2.6302e-04   -0.001485  -8.031e-07  -2.786e-05   1.267e-05
time_llc      0.039713    0.007354 -9.2509e-04  -8.525e-05   -0.002025
time_rlc      0.007359    0.039858  -9.302e-05   9.457e-06 -3.4776e-04
pos_acc     4.6796e-04 -4.1467e-04   2.414e-05  1.1609e-04  -4.638e-06
pos_brk     4.7557e-04 -5.6354e-04   3.216e-05   4.678e-05  -5.511e-06
pos_llc       0.001765 -1.7779e-04   1.155e-05  1.2733e-04  -1.885e-05
pos_rlc     3.0252e-04    0.001530   3.178e-05  1.9541e-04  -3.354e-06
              dist_rlc    time_llc    time_rlc     pos_acc     pos_brk
asc_acc       0.001300   -0.037338   -0.036488   -0.003632   -0.002011
asc_brk       0.001271   -0.037461   -0.035783   -0.001908   -0.003026
speed_acc  -2.8321e-04    0.008099    0.007911  7.3272e-04  4.0080e-04
speed_brk  -2.7696e-04    0.008133    0.007762  3.7801e-04  5.9376e-04
nodv_acc    -8.899e-07 -1.1694e-04  -9.990e-05   5.209e-05   3.255e-05
nodv_brk    -5.875e-07 -1.3116e-04 -1.0678e-04   3.178e-05   5.920e-05
dist_acc     1.385e-05 -3.7871e-04 -3.7900e-04  -1.088e-05  -4.381e-06
dist_brk     1.293e-05 -3.7702e-04 -3.5592e-04  -3.896e-06  -5.107e-06
time_acc   -3.7983e-04    0.010814    0.010792  2.4692e-04   9.597e-05
time_brk   -3.5622e-04    0.010779    0.010203   8.275e-05   9.723e-05
asc_llc       0.001208   -0.182551   -0.033964   -0.002302   -0.002346
asc_rlc       0.006800   -0.033950   -0.183568    0.001617    0.002354
male_llc     4.417e-06  3.1343e-04  -3.054e-05 -1.6258e-04 -1.6581e-04
male_rlc     4.957e-05   1.158e-05 -7.4952e-04  -9.884e-05  -5.867e-05
male_acc     3.770e-06  -3.131e-05  -9.475e-06 -3.8770e-04 -1.5580e-04
male_brk     4.597e-06  -6.608e-05  -3.281e-05 -1.5283e-04 -3.2180e-04
oldAge_llc  -2.302e-06 -2.1149e-04   1.956e-05   7.050e-05   7.710e-05
oldAge_rlc  -2.057e-05   9.089e-06  4.4410e-04   8.615e-05   3.309e-05
oldAge_acc  -2.282e-06   6.121e-06   1.721e-05  1.4453e-04   7.357e-05
oldAge_brk  -1.713e-06   1.923e-05   3.000e-06   7.210e-05  1.4834e-04
speed_llc  -2.6302e-04    0.039713    0.007359  4.6796e-04  4.7557e-04
speed_rlc    -0.001485    0.007354    0.039858 -4.1467e-04 -5.6354e-04
nodv_llc    -8.031e-07 -9.2509e-04  -9.302e-05   2.414e-05   3.216e-05
nodv_rlc    -2.786e-05  -8.525e-05   9.457e-06  1.1609e-04   4.678e-05
dist_llc     1.267e-05   -0.002025 -3.4776e-04  -4.638e-06  -5.511e-06
dist_rlc     7.803e-05 -3.4883e-04   -0.002020  -7.751e-07   9.061e-06
time_llc   -3.4883e-04    0.058051    0.009948  1.0546e-04  1.2781e-04
time_rlc     -0.002020    0.009948    0.054646  -3.936e-05 -2.7472e-04
pos_acc     -7.751e-07  1.0546e-04  -3.936e-05    0.005249    0.002351
pos_brk      9.061e-06  1.2781e-04 -2.7472e-04    0.002351    0.004487
pos_llc     -5.649e-07  4.0634e-04  -5.363e-05    0.002385    0.002336
pos_rlc     -6.293e-05   7.292e-05    0.001511    0.002234    0.002268
               pos_llc     pos_rlc
asc_acc      -0.001986   -0.001607
asc_brk      -0.001852   -0.001688
speed_acc   3.9757e-04  3.1295e-04
speed_brk   3.6685e-04  3.3012e-04
nodv_acc     2.727e-05   3.924e-05
nodv_brk     3.059e-05   3.821e-05
dist_acc    -4.404e-06  -4.139e-06
dist_brk    -3.759e-06  -3.338e-06
time_acc     9.845e-05   8.825e-05
time_brk     8.031e-05   6.789e-05
asc_llc      -0.007696   -0.001536
asc_rlc     4.7643e-04   -0.010410
male_llc     -0.001104 -1.5733e-04
male_rlc     7.875e-05 -2.9871e-04
male_acc   -1.6406e-04 -1.5771e-04
male_brk   -1.5561e-04 -1.5711e-04
oldAge_llc   3.277e-05   6.797e-05
oldAge_rlc   3.069e-05    0.001359
oldAge_acc   7.271e-05   7.334e-05
oldAge_brk   7.126e-05   7.459e-05
speed_llc     0.001765  3.0252e-04
speed_rlc  -1.7779e-04    0.001530
nodv_llc     1.155e-05   3.178e-05
nodv_rlc    1.2733e-04  1.9541e-04
dist_llc    -1.885e-05  -3.354e-06
dist_rlc    -5.649e-07  -6.293e-05
time_llc    4.0634e-04   7.292e-05
time_rlc    -5.363e-05    0.001511
pos_acc       0.002385    0.002234
pos_brk       0.002336    0.002268
pos_llc       0.013587    0.002002
pos_rlc       0.002002    0.006103

Robust covariance matrix:
               asc_acc     asc_brk   speed_acc   speed_brk    nodv_acc
asc_acc       1.726394    2.012894   -0.386795   -0.444071    0.005404
asc_brk       2.012894    4.045567   -0.451757   -0.897728    0.003868
speed_acc    -0.386795   -0.451757    0.087058    0.099902   -0.001986
speed_brk    -0.444071   -0.897728    0.099902    0.199675   -0.001443
nodv_acc      0.005404    0.003868   -0.001986   -0.001443    0.002062
nodv_brk     -0.005283   -0.008110  7.3705e-04    0.001063    0.001207
dist_acc      0.004656    0.007639   -0.001064   -0.001702   4.615e-05
dist_brk      0.002829    0.003714 -5.7803e-04 -7.6126e-04  -7.431e-05
time_acc     -0.102550   -0.165036    0.023540    0.037015   -0.001828
time_brk     -0.060673   -0.081364    0.011888    0.016301    0.002418
asc_llc      -0.198610    0.984566    0.058163   -0.217011   -0.032169
asc_rlc       0.203087   -0.139879   -0.024937    0.038877   -0.037094
male_llc     -0.073069    0.007459    0.014095   -0.003823    0.005590
male_rlc      0.102272    0.076107   -0.018429   -0.015436   -0.006283
male_acc      0.029510    0.046822   -0.007550   -0.011060    0.002116
male_brk      0.006869    0.006466   -0.002096   -0.002660    0.001926
oldAge_llc    0.082002   -0.007230   -0.017634    0.001679   -0.002826
oldAge_rlc   -0.268843   -0.301919    0.057398    0.063016    0.007526
oldAge_acc    0.010747   -0.017020   -0.002505    0.003777 -1.3178e-04
oldAge_brk    0.024990    0.063361   -0.005497   -0.014062 -8.0126e-04
speed_llc     0.072889   -0.177975   -0.018998    0.039410    0.006442
speed_rlc    -0.030187    0.039903    0.002366   -0.010440    0.006402
nodv_llc     -0.060463   -0.062529    0.013130    0.013975  8.1548e-04
nodv_rlc      0.010813    0.002738   -0.003292 -6.9342e-04    0.001917
dist_llc     -0.001943    0.010648  4.3045e-04   -0.002470 -1.2845e-04
dist_rlc     -0.004412   -0.007863  9.3908e-04    0.001542  2.2876e-04
time_llc      0.081657   -0.315599   -0.018539    0.072587    0.004517
time_rlc      0.109373    0.202388   -0.023731   -0.039436   -0.005218
pos_acc       0.038837    0.070124   -0.008773   -0.015887  5.1391e-04
pos_brk      -0.026300    0.021957    0.005361   -0.005425   4.753e-05
pos_llc       0.235368    0.337404   -0.050716   -0.074328   -0.004775
pos_rlc      -0.155641   -0.112038    0.032291    0.023619    0.009386
              nodv_brk    dist_acc    dist_brk    time_acc    time_brk
asc_acc      -0.005283    0.004656    0.002829   -0.102550   -0.060673
asc_brk      -0.008110    0.007639    0.003714   -0.165036   -0.081364
speed_acc   7.3705e-04   -0.001064 -5.7803e-04    0.023540    0.011888
speed_brk     0.001063   -0.001702 -7.6126e-04    0.037015    0.016301
nodv_acc      0.001207   4.615e-05  -7.431e-05   -0.001828    0.002418
nodv_brk      0.001644   1.381e-05  -6.643e-05 -9.1921e-04    0.001623
dist_acc     1.381e-05   2.143e-05   1.065e-05 -4.8175e-04 -2.4188e-04
dist_brk    -6.643e-05   1.065e-05   6.944e-05 -3.1980e-04   -0.001999
time_acc   -9.1921e-04 -4.8175e-04 -3.1980e-04    0.011747    0.007916
time_brk      0.001623 -2.4188e-04   -0.001999    0.007916    0.058196
asc_llc       0.013369  8.2273e-04    0.003784   -0.016358   -0.130986
asc_rlc      -0.016268  -7.165e-05   -0.001017    0.009235    0.028776
male_llc      0.003416   3.148e-05  -8.854e-05   -0.003017    0.002887
male_rlc     -0.004772 -2.3302e-04  2.1350e-04    0.005527   -0.004424
male_acc      0.001661  1.2461e-04  -7.495e-05   -0.003444    0.002152
male_brk      0.001677   6.474e-05  -5.004e-05   -0.002985    0.001379
oldAge_llc -2.6560e-04  1.7100e-04  2.4973e-04   -0.001444   -0.005835
oldAge_rlc    0.009400 -3.3013e-04   -0.001546    0.005339    0.042646
oldAge_acc -5.1169e-04  -1.226e-05   6.151e-05  9.7972e-04 -6.6080e-04
oldAge_brk -3.3587e-04   8.509e-05   3.762e-05 -7.3048e-04 -4.0604e-04
speed_llc    -0.003283 -1.3016e-04 -7.1525e-04    0.002623    0.025601
speed_rlc     0.002478  -8.012e-05   2.229e-05    0.001538   -0.001163
nodv_llc    1.6577e-04  -9.262e-06  -3.605e-05  -9.474e-05  8.7838e-04
nodv_rlc    6.5195e-04   7.997e-05  1.7318e-04   -0.002343   -0.004474
dist_llc     5.714e-05   1.839e-05  -2.387e-05 -3.2048e-04  6.3186e-04
dist_rlc    3.9701e-04  -1.479e-05  -7.011e-05  3.0587e-04    0.002104
time_llc     -0.001131 -6.4928e-04  1.1462e-04    0.012417   -0.001414
time_rlc     -0.011269  2.5035e-04    0.001103   -0.003260   -0.032869
pos_acc     4.2766e-04  2.2752e-04   2.023e-05   -0.006136 -6.6378e-04
pos_brk       0.001406   8.721e-06 -2.2011e-04  5.1752e-04    0.005306
pos_llc    -6.1179e-04  7.2142e-04  2.8970e-04   -0.014884   -0.008862
pos_rlc       0.009130  6.9153e-04    0.001311   -0.022439   -0.038205
               asc_llc     asc_rlc    male_llc    male_rlc    male_acc
asc_acc      -0.198610    0.203087   -0.073069    0.102272    0.029510
asc_brk       0.984566   -0.139879    0.007459    0.076107    0.046822
speed_acc     0.058163   -0.024937    0.014095   -0.018429   -0.007550
speed_brk    -0.217011    0.038877   -0.003823   -0.015436   -0.011060
nodv_acc     -0.032169   -0.037094    0.005590   -0.006283    0.002116
nodv_brk      0.013369   -0.016268    0.003416   -0.004772    0.001661
dist_acc    8.2273e-04  -7.165e-05   3.148e-05 -2.3302e-04  1.2461e-04
dist_brk      0.003784   -0.001017  -8.854e-05  2.1350e-04  -7.495e-05
time_acc     -0.016358    0.009235   -0.003017    0.005527   -0.003444
time_brk     -0.130986    0.028776    0.002887   -0.004424    0.002152
asc_llc       4.718900    0.200190   -0.076565    0.016446    0.025524
asc_rlc       0.200190    4.724606   -0.182280    0.619645   -0.027261
male_llc     -0.076565   -0.182280    0.030451   -0.026483    0.003156
male_rlc      0.016446    0.619645   -0.026483    0.133649   -0.007369
male_acc      0.025524   -0.027261    0.003156   -0.007369    0.004556
male_brk     -0.018609    0.010653    0.004870  8.5203e-04    0.002312
oldAge_llc    0.169231    0.071433   -0.020438    0.010697 -3.1481e-04
oldAge_rlc   -0.057650   -0.351630    0.035651   -0.086086 -3.2340e-04
oldAge_acc   -0.008295   -0.075320  2.2485e-04   -0.002630   -0.001732
oldAge_brk    0.041999   -0.033044  -6.806e-05  1.8869e-04 -5.7283e-04
speed_llc    -1.008674   -0.034107    0.013823    0.001697   -0.005656
speed_rlc    -0.054306   -1.060173    0.033246   -0.136073    0.006090
nodv_llc     -0.045766    0.018413    0.006120   -0.010803 -8.7092e-04
nodv_rlc     -0.038077   -0.032955    0.005514   -0.007321    0.002101
dist_llc      0.017250    0.001902  3.0975e-04 -4.0874e-04  1.1707e-04
dist_rlc      0.015032    0.002053  5.2734e-04    0.001185  1.1498e-04
time_llc     -0.510261   -0.088134   -0.013154    0.015982   -0.001316
time_rlc     -0.468100    0.004837   -0.014151   -0.018266   -0.002044
pos_acc      -0.004266    0.062640  1.3747e-04    0.002335    0.001471
pos_brk       0.071825   -0.022659    0.003211   -0.011742    0.002212
pos_llc       0.276968    0.511020   -0.034212    0.059248    0.007440
pos_rlc       0.258958   -0.181399    0.039329   -0.088630    0.005057
              male_brk  oldAge_llc  oldAge_rlc  oldAge_acc  oldAge_brk
asc_acc       0.006869    0.082002   -0.268843    0.010747    0.024990
asc_brk       0.006466   -0.007230   -0.301919   -0.017020    0.063361
speed_acc    -0.002096   -0.017634    0.057398   -0.002505   -0.005497
speed_brk    -0.002660    0.001679    0.063016    0.003777   -0.014062
nodv_acc      0.001926   -0.002826    0.007526 -1.3178e-04 -8.0126e-04
nodv_brk      0.001677 -2.6560e-04    0.009400 -5.1169e-04 -3.3587e-04
dist_acc     6.474e-05  1.7100e-04 -3.3013e-04  -1.226e-05   8.509e-05
dist_brk    -5.004e-05  2.4973e-04   -0.001546   6.151e-05   3.762e-05
time_acc     -0.002985   -0.001444    0.005339  9.7972e-04 -7.3048e-04
time_brk      0.001379   -0.005835    0.042646 -6.6080e-04 -4.0604e-04
asc_llc      -0.018609    0.169231   -0.057650   -0.008295    0.041999
asc_rlc       0.010653    0.071433   -0.351630   -0.075320   -0.033044
male_llc      0.004870   -0.020438    0.035651  2.2485e-04  -6.806e-05
male_rlc    8.5203e-04    0.010697   -0.086086   -0.002630  1.8869e-04
male_acc      0.002312 -3.1481e-04 -3.2340e-04   -0.001732 -5.7283e-04
male_brk      0.006020  4.9617e-04    0.002962   -0.001133   -0.002119
oldAge_llc  4.9617e-04    0.058266   -0.019394    0.013222    0.006051
oldAge_rlc    0.002962   -0.019394    0.192136 -5.6048e-04   -0.002934
oldAge_acc   -0.001133    0.013222 -5.6048e-04    0.008313    0.003392
oldAge_brk   -0.002119    0.006051   -0.002934    0.003392    0.004174
speed_llc     0.003235   -0.035284    0.003854    0.002245   -0.008190
speed_rlc    -0.003610   -0.015537    0.055297    0.016643    0.008394
nodv_llc    1.4852e-04   -0.006074    0.019542   -0.002230   -0.002329
nodv_rlc    3.3630e-04 -9.2027e-04   -0.002330  7.3746e-04 -3.0834e-04
dist_llc    2.8960e-04  4.2784e-04 -2.3420e-04  -5.473e-05  3.0366e-04
dist_rlc    2.4790e-04    0.002233    0.003691  9.6401e-04  3.8588e-04
time_llc     -0.007444   -0.007429    0.006321    0.003858   -0.008222
time_rlc     -0.008521   -0.061301   -0.094764   -0.025719   -0.009343
pos_acc       0.003211   -0.008130   -0.009115   -0.004149   -0.002351
pos_brk      -0.001261   -0.005820    0.006180   -0.002863    0.001312
pos_llc       0.004314    0.019949   -0.087071   -0.014931 -7.2812e-04
pos_rlc       0.005042    0.002956    0.141964   -0.002307   -0.006371
             speed_llc   speed_rlc    nodv_llc    nodv_rlc    dist_llc
asc_acc       0.072889   -0.030187   -0.060463    0.010813   -0.001943
asc_brk      -0.177975    0.039903   -0.062529    0.002738    0.010648
speed_acc    -0.018998    0.002366    0.013130   -0.003292  4.3045e-04
speed_brk     0.039410   -0.010440    0.013975 -6.9342e-04   -0.002470
nodv_acc      0.006442    0.006402  8.1548e-04    0.001917 -1.2845e-04
nodv_brk     -0.003283    0.002478  1.6577e-04  6.5195e-04   5.714e-05
dist_acc   -1.3016e-04  -8.012e-05  -9.262e-06   7.997e-05   1.839e-05
dist_brk   -7.1525e-04   2.229e-05  -3.605e-05  1.7318e-04  -2.387e-05
time_acc      0.002623    0.001538  -9.474e-05   -0.002343 -3.2048e-04
time_brk      0.025601   -0.001163  8.7838e-04   -0.004474  6.3186e-04
asc_llc      -1.008674   -0.054306   -0.045766   -0.038077    0.017250
asc_rlc      -0.034107   -1.060173    0.018413   -0.032955    0.001902
male_llc      0.013823    0.033246    0.006120    0.005514  3.0975e-04
male_rlc      0.001697   -0.136073   -0.010803   -0.007321 -4.0874e-04
male_acc     -0.005656    0.006090 -8.7092e-04    0.002101  1.1707e-04
male_brk      0.003235   -0.003610  1.4852e-04  3.3630e-04  2.8960e-04
oldAge_llc   -0.035284   -0.015537   -0.006074 -9.2027e-04  4.2784e-04
oldAge_rlc    0.003854    0.055297    0.019542   -0.002330 -2.3420e-04
oldAge_acc    0.002245    0.016643   -0.002230  7.3746e-04  -5.473e-05
oldAge_brk   -0.008190    0.008394   -0.002329 -3.0834e-04  3.0366e-04
speed_llc     0.216527    0.010753    0.007819    0.007938   -0.003787
speed_rlc     0.010753    0.248783   -0.009707    0.004943  -7.862e-05
nodv_llc      0.007819   -0.009707    0.007857    0.001796  -7.201e-05
nodv_rlc      0.007938    0.004943    0.001796    0.004356 -3.4219e-04
dist_llc     -0.003787  -7.862e-05  -7.201e-05 -3.4219e-04  2.1542e-04
dist_rlc     -0.003334   -0.001249 -2.1725e-04  -9.173e-05   5.401e-05
time_llc      0.112517    0.014862   -0.003910    0.007828   -0.006269
time_rlc      0.102950    0.020953    0.005669    0.002374   -0.001673
pos_acc       0.001294   -0.012983  3.7358e-04 -4.9308e-04  5.5352e-04
pos_brk      -0.015858    0.008148   5.681e-06  -2.591e-05  6.2562e-04
pos_llc      -0.055203   -0.103647   -0.009352   -0.004805    0.001733
pos_rlc      -0.063881   -0.010557    0.034340    0.014950 -4.1248e-04
              dist_rlc    time_llc    time_rlc     pos_acc     pos_brk
asc_acc      -0.004412    0.081657    0.109373    0.038837   -0.026300
asc_brk      -0.007863   -0.315599    0.202388    0.070124    0.021957
speed_acc   9.3908e-04   -0.018539   -0.023731   -0.008773    0.005361
speed_brk     0.001542    0.072587   -0.039436   -0.015887   -0.005425
nodv_acc    2.2876e-04    0.004517   -0.005218  5.1391e-04   4.753e-05
nodv_brk    3.9701e-04   -0.001131   -0.011269  4.2766e-04    0.001406
dist_acc    -1.479e-05 -6.4928e-04  2.5035e-04  2.2752e-04   8.721e-06
dist_brk    -7.011e-05  1.1462e-04    0.001103   2.023e-05 -2.2011e-04
time_acc    3.0587e-04    0.012417   -0.003260   -0.006136  5.1752e-04
time_brk      0.002104   -0.001414   -0.032869 -6.6378e-04    0.005306
asc_llc       0.015032   -0.510261   -0.468100   -0.004266    0.071825
asc_rlc       0.002053   -0.088134    0.004837    0.062640   -0.022659
male_llc    5.2734e-04   -0.013154   -0.014151  1.3747e-04    0.003211
male_rlc      0.001185    0.015982   -0.018266    0.002335   -0.011742
male_acc    1.1498e-04   -0.001316   -0.002044    0.001471    0.002212
male_brk    2.4790e-04   -0.007444   -0.008521    0.003211   -0.001261
oldAge_llc    0.002233   -0.007429   -0.061301   -0.008130   -0.005820
oldAge_rlc    0.003691    0.006321   -0.094764   -0.009115    0.006180
oldAge_acc  9.6401e-04    0.003858   -0.025719   -0.004149   -0.002863
oldAge_brk  3.8588e-04   -0.008222   -0.009343   -0.002351    0.001312
speed_llc    -0.003334    0.112517    0.102950    0.001294   -0.015858
speed_rlc    -0.001249    0.014862    0.020953   -0.012983    0.008148
nodv_llc   -2.1725e-04   -0.003910    0.005669  3.7358e-04   5.681e-06
nodv_rlc    -9.173e-05    0.007828    0.002374 -4.9308e-04  -2.591e-05
dist_llc     5.401e-05   -0.006269   -0.001673  5.5352e-04  6.2562e-04
dist_rlc    4.7919e-04 -6.1202e-04   -0.011871 -5.6021e-04  -4.182e-05
time_llc   -6.1202e-04    0.193795    0.030563   -0.017764   -0.018123
time_rlc     -0.011871    0.030563    0.309170    0.010295    0.001699
pos_acc    -5.6021e-04   -0.017764    0.010295    0.009884    0.001182
pos_brk     -4.182e-05   -0.018123    0.001699    0.001182    0.007629
pos_llc      -0.001408   -0.049892    0.035359    0.017358    0.005637
pos_rlc       0.002672   -0.022817   -0.095487  2.7009e-04   -0.001931
               pos_llc     pos_rlc
asc_acc       0.235368   -0.155641
asc_brk       0.337404   -0.112038
speed_acc    -0.050716    0.032291
speed_brk    -0.074328    0.023619
nodv_acc     -0.004775    0.009386
nodv_brk   -6.1179e-04    0.009130
dist_acc    7.2142e-04  6.9153e-04
dist_brk    2.8970e-04    0.001311
time_acc     -0.014884   -0.022439
time_brk     -0.008862   -0.038205
asc_llc       0.276968    0.258958
asc_rlc       0.511020   -0.181399
male_llc     -0.034212    0.039329
male_rlc      0.059248   -0.088630
male_acc      0.007440    0.005057
male_brk      0.004314    0.005042
oldAge_llc    0.019949    0.002956
oldAge_rlc   -0.087071    0.141964
oldAge_acc   -0.014931   -0.002307
oldAge_brk -7.2812e-04   -0.006371
speed_llc    -0.055203   -0.063881
speed_rlc    -0.103647   -0.010557
nodv_llc     -0.009352    0.034340
nodv_rlc     -0.004805    0.014950
dist_llc      0.001733 -4.1248e-04
dist_rlc     -0.001408    0.002672
time_llc     -0.049892   -0.022817
time_rlc      0.035359   -0.095487
pos_acc       0.017358  2.7009e-04
pos_brk       0.005637   -0.001931
pos_llc       0.122623   -0.048478
pos_rlc      -0.048478    0.315429

Classical correlation matrix:
               asc_acc     asc_brk   speed_acc   speed_brk    nodv_acc
asc_acc        1.00000    0.571581   -0.996509   -0.566130   -0.036997
asc_brk        0.57158    1.000000   -0.565953   -0.996447   -0.035612
speed_acc     -0.99651   -0.565953    1.000000    0.563902   -0.006952
speed_brk     -0.56613   -0.996447    0.563902    1.000000    0.013607
nodv_acc      -0.03700   -0.035612   -0.006952    0.013607    1.000000
nodv_brk      -0.02923   -0.009532    0.008255   -0.033284    0.517922
dist_acc       0.58900    0.312211   -0.589707   -0.310093    0.015709
dist_brk       0.31273    0.568514   -0.310589   -0.567886 -2.7032e-04
time_acc      -0.59046   -0.320526    0.587883    0.316818   -0.082894
time_brk      -0.31156   -0.561401    0.307910    0.557645   -0.033821
asc_llc        0.34532    0.371840   -0.342198   -0.368547   -0.016843
asc_rlc        0.31993    0.349871   -0.316934   -0.346660   -0.024404
male_llc       0.04307    0.046797   -0.058594   -0.063302    0.003009
male_rlc       0.04489    0.047746   -0.059542   -0.063932    0.004651
male_acc       0.12431    0.078020   -0.178295   -0.104319    0.029321
male_brk       0.07645    0.116269   -0.102206   -0.171526    0.003629
oldAge_llc    -0.03542   -0.038805    0.034036    0.037411    0.038540
oldAge_rlc    -0.03363   -0.035760    0.032501    0.034544    0.031483
oldAge_acc    -0.06805   -0.056643    0.064191    0.054665    0.105953
oldAge_brk    -0.05384   -0.063207    0.051865    0.059638    0.056232
speed_llc     -0.34320   -0.369476    0.342205    0.368436    0.003078
speed_rlc     -0.31953   -0.349321    0.318505    0.348270    0.011678
nodv_llc      -0.02173   -0.025070    0.007071    0.009753    0.357592
nodv_rlc      -0.02077   -0.021961    0.007932    0.008068    0.308819
dist_llc       0.17894    0.194296   -0.177651   -0.193077   -0.001627
dist_rlc       0.17022    0.180128   -0.168866   -0.178821   -0.003939
time_llc      -0.17921   -0.194694    0.177035    0.192514   -0.018976
time_rlc      -0.18050   -0.191678    0.178234    0.189358   -0.016708
pos_acc       -0.05798   -0.032973    0.053267    0.029756    0.028109
pos_brk       -0.03472   -0.056557    0.031512    0.050551    0.018997
pos_llc       -0.01970   -0.019896    0.017964    0.017949    0.009146
pos_rlc       -0.02378   -0.027057    0.021099    0.024099    0.019640
              nodv_brk    dist_acc    dist_brk    time_acc    time_brk
asc_acc      -0.029230    0.589005    0.312731   -0.590457   -0.311563
asc_brk      -0.009532    0.312211    0.568514   -0.320526   -0.561401
speed_acc     0.008255   -0.589707   -0.310589    0.587883    0.307910
speed_brk    -0.033284   -0.310093   -0.567886    0.316818    0.557645
nodv_acc      0.517922    0.015709 -2.7032e-04   -0.082894   -0.033821
nodv_brk      1.000000  4.9352e-04    0.058076   -0.034526   -0.124161
dist_acc    4.9352e-04    1.000000    0.503203   -0.978977   -0.490070
dist_brk      0.058076    0.503203    1.000000   -0.505067   -0.979925
time_acc     -0.034526   -0.978977   -0.505067    1.000000    0.511442
time_brk     -0.124161   -0.490070   -0.979925    0.511442    1.000000
asc_llc      -0.017431    0.190026    0.206178   -0.195574   -0.205571
asc_rlc      -0.023799    0.177929    0.189641   -0.182598   -0.189437
male_llc      0.004209    0.007413    0.006391   -0.001685 -4.6765e-04
male_rlc      0.004886    0.006571    0.005765   -0.001047  2.6157e-04
male_acc      0.005094    0.018765    0.011663 -9.8222e-04   -0.001984
male_brk      0.020802    0.013426    0.001224   -0.003753    0.016755
oldAge_llc    0.037668   -0.003168   -0.003387 -2.9682e-04 -1.7139e-04
oldAge_rlc    0.034223   -0.004750   -0.002355    0.001670 -9.1242e-04
oldAge_acc    0.054040    0.005933   -0.005567   -0.015552  5.2223e-04
oldAge_brk    0.101340   -0.005789    0.014814  7.0719e-04   -0.024428
speed_llc     0.003502   -0.189527   -0.205551    0.194098    0.203936
speed_rlc     0.010466   -0.178081   -0.189779    0.181856    0.188601
nodv_llc      0.361300   8.956e-05    0.001205   -0.023781   -0.025374
nodv_rlc      0.321819   -0.003604   1.734e-05   -0.016561   -0.020883
dist_llc      0.001174    0.295977    0.321684   -0.297179   -0.313369
dist_rlc     -0.002687    0.288647    0.294374   -0.289587   -0.287357
time_llc     -0.021991   -0.289405   -0.314765    0.302261    0.318795
time_rlc     -0.018453   -0.298512   -0.306269    0.310897    0.311006
pos_acc       0.017723   -0.027656   -0.010818    0.022953    0.008139
pos_brk       0.035701   -0.012040   -0.015335    0.009648    0.010343
pos_llc       0.010600   -0.006956   -0.006486    0.005688    0.004909
pos_rlc       0.019756   -0.009755   -0.008595    0.007608    0.006193
               asc_llc     asc_rlc    male_llc    male_rlc    male_acc
asc_acc        0.34532    0.319932    0.043071    0.044890    0.124310
asc_brk        0.37184    0.349871    0.046797    0.047746    0.078020
speed_acc     -0.34220   -0.316934   -0.058594   -0.059542   -0.178295
speed_brk     -0.36855   -0.346660   -0.063302   -0.063932   -0.104319
nodv_acc      -0.01684   -0.024404    0.003009    0.004651    0.029321
