Model run by sprab using Apollo 0.2.7 on R 4.1.2 for Windows.
www.ApolloChoiceModelling.com

Model name                       : BaseModel
Model description                : Simple Driver Choice with Time of Impact as an interaction term
Model run at                     : 2022-07-10 19:51:11
Estimation method                : bfgs
Model diagnosis                  : successful convergence 
Number of individuals            : 13
Number of rows in database       : 11996
Number of modelled outcomes      : 11996

Number of cores used             :  1 
Model without mixing

LL(start)                        : -19306.82
LL(0)                            : -19306.82
LL(C)                            : -13641.45
LL(final)                        : -13220.34
Rho-square (0)                   :  0.3153 
Adj.Rho-square (0)               :  0.314 
Rho-square (C)                   :  0.0309 
Adj.Rho-square (C)               :  0.0291 
AIC                              :  26488.68 
BIC                              :  26666.1 

Estimated parameters             :  24
Time taken (hh:mm:ss)            :  00:00:29.23 
     pre-estimation              :  00:00:0.6 
     estimation                  :  00:00:13.99 
     post-estimation             :  00:00:14.63 
Iterations                       :  43  
Min abs eigenvalue of Hessian    :  0.101453 

Unconstrained optimisation.

Estimates:
             Estimate        s.e.   t.rat.(0)    Rob.s.e. Rob.t.rat.(0)
asc_acc      6.203358    0.735087      8.4389    1.364987        4.5446
asc_brk      8.354691    0.660898     12.6414    2.233489        3.7406
speed_acc   -1.576005    0.160595     -9.8135    0.298853       -5.2735
speed_brk   -1.956647    0.144536    -13.5374    0.489361       -3.9984
nodv_acc     0.141881    0.021829      6.4997    0.035522        3.9942
nodv_brk     0.003284    0.020970      0.1566    0.031909        0.1029
dist_acc     0.002256    0.004824      0.4677    0.004339        0.5200
dist_brk     0.027967    0.004238      6.5990    0.007681        3.6413
time_acc    -0.117978    0.130877     -0.9014    0.104688       -1.1269
time_brk    -0.771271    0.120249     -6.4139    0.222676       -3.4636
asc_llc     -2.126511    3.044655     -0.6984    2.420079       -0.8787
asc_rlc     -9.085298    2.824526     -3.2166    2.336254       -3.8888
speed_llc   -0.442931    0.660318     -0.6708    0.518326       -0.8545
speed_rlc    0.916211    0.607747      1.5076    0.459786        1.9927
nodv_llc     0.257196    0.082063      3.1341    0.075108        3.4243
nodv_rlc    -0.021013    0.085372     -0.2461    0.086179       -0.2438
dist_llc     0.006163    0.021214      0.2905    0.016492        0.3737
dist_rlc    -0.033575    0.019913     -1.6861    0.020631       -1.6274
time_llc    -0.326596    0.595793     -0.5482    0.500730       -0.6522
time_rlc     0.792909    0.531349      1.4923    0.541735        1.4636
pos_acc     -0.155333    0.066555     -2.3339    0.099219       -1.5656
pos_brk     -0.052901    0.060553     -0.8736    0.098582       -0.5366
pos_llc     -0.590947    0.279143     -2.1170    0.318042       -1.8581
pos_rlc      3.168802    0.150897     20.9998    0.662457        4.7834


Overview of choices for MNL model component :
                                      nor      acc      brk      llc
Times available                  11996.00 11996.00 11996.00 11996.00
Times chosen                      5921.00  2557.00  3230.00   122.00
Percentage chosen overall           49.36    21.32    26.93     1.02
Percentage chosen when available    49.36    21.32    26.93     1.02
                                      rlc
Times available                  11996.00
Times chosen                       166.00
Percentage chosen overall            1.38
Percentage chosen when available     1.38


Classical covariance matrix:
              asc_acc     asc_brk   speed_acc   speed_brk    nodv_acc
asc_acc      0.540353    0.194873   -0.117845   -0.042181 -2.9558e-04
asc_brk      0.194873    0.436786   -0.042162   -0.095355 -2.1914e-04
speed_acc   -0.117845   -0.042162    0.025791    0.009152  -7.724e-05
speed_brk   -0.042181   -0.095355    0.009152    0.020891   2.442e-06
nodv_acc  -2.9558e-04 -2.1914e-04  -7.724e-05   2.442e-06  4.7650e-04
nodv_brk  -1.3834e-04  3.3538e-04  -1.487e-05 -1.9511e-04  1.6280e-04
dist_acc     0.002069  6.6528e-04 -4.5557e-04 -1.4497e-04   3.153e-06
dist_brk   6.5838e-04    0.001554 -1.4356e-04 -3.4210e-04   7.187e-07
time_acc    -0.056364   -0.018772    0.012361    0.004078 -2.8090e-04
time_brk    -0.018629   -0.043323    0.004049    0.009497  -8.111e-05
asc_llc      0.187421    0.183649   -0.040570   -0.039742  -6.579e-05
asc_rlc      0.167660    0.172755   -0.036262   -0.037409 -3.4378e-04
speed_llc   -0.040545   -0.039712    0.008803    0.008620  -3.166e-05
speed_rlc   -0.036266   -0.037369    0.007869    0.008117   3.288e-05
nodv_llc  -1.7124e-04 -1.9084e-04  -8.376e-06  -2.622e-06  1.6616e-04
nodv_rlc  -2.5859e-04 -2.0942e-04   1.309e-05   2.416e-06  1.5180e-04
dist_llc   6.4202e-04  6.3510e-04 -1.3977e-04 -1.3837e-04   9.278e-08
dist_rlc   5.9837e-04  5.8979e-04 -1.3015e-04 -1.2856e-04  -4.068e-07
time_llc    -0.018152   -0.018000    0.003938    0.003909  -6.731e-05
time_rlc    -0.016920   -0.016780    0.003670    0.003646  -5.174e-05
pos_acc     -0.002502   -0.001015  4.5006e-04  1.8851e-04   5.577e-05
pos_brk     -0.001121   -0.002082  2.1144e-04  3.6440e-04   1.648e-05
pos_llc     -0.001080 -9.6503e-04  2.0358e-04  1.7862e-04   1.170e-05
pos_rlc   -5.6295e-04 -6.4567e-04   9.058e-05  1.0776e-04   2.399e-05
             nodv_brk    dist_acc    dist_brk    time_acc    time_brk
asc_acc   -1.3834e-04    0.002069  6.5838e-04   -0.056364   -0.018629
asc_brk    3.3538e-04  6.6528e-04    0.001554   -0.018772   -0.043323
speed_acc  -1.487e-05 -4.5557e-04 -1.4356e-04    0.012361    0.004049
speed_brk -1.9511e-04 -1.4497e-04 -3.4210e-04    0.004078    0.009497
nodv_acc   1.6280e-04   3.153e-06   7.187e-07 -2.8090e-04  -8.111e-05
nodv_brk   4.3973e-04   7.532e-07   8.193e-06  -8.456e-05 -3.9826e-04
dist_acc    7.532e-07   2.327e-05   6.857e-06 -6.1836e-04 -1.8969e-04
dist_brk    8.193e-06   6.857e-06   1.796e-05 -1.8914e-04 -4.9957e-04
time_acc   -8.456e-05 -6.1836e-04 -1.8914e-04    0.017129    0.005434
time_brk  -3.9826e-04 -1.8969e-04 -4.9957e-04    0.005434    0.014460
asc_llc    -6.778e-05  6.4944e-04  6.3482e-04   -0.018418   -0.018014
asc_rlc   -2.6121e-04  6.0586e-04  6.0021e-04   -0.017126   -0.017106
speed_llc  -2.920e-05 -1.4157e-04 -1.3842e-04    0.004002    0.003914
speed_rlc   1.401e-05 -1.3209e-04 -1.3086e-04    0.003721    0.003716
nodv_llc   1.5971e-04   5.826e-07   1.019e-06  -8.230e-05  -8.979e-05
nodv_rlc   1.5507e-04   4.402e-08   8.468e-07  -6.120e-05  -8.255e-05
dist_llc    8.740e-07   7.068e-06   6.875e-06 -1.9482e-04 -1.9038e-04
dist_rlc    3.428e-07   6.882e-06   6.439e-06 -1.8946e-04 -1.7896e-04
time_llc   -8.700e-05 -1.9481e-04 -1.9028e-04    0.005579    0.005472
time_rlc   -7.229e-05 -1.8888e-04 -1.7871e-04    0.005391    0.005161
pos_acc     1.556e-05  -1.818e-06   4.846e-07  -1.032e-05  -2.908e-05
pos_brk     5.122e-05   9.022e-09   2.975e-06  -1.567e-05 -1.2504e-04
pos_llc     1.407e-05   7.245e-08   4.453e-07  -1.553e-05  -2.725e-05
pos_rlc     2.261e-05   3.717e-07   1.101e-06  -2.618e-05  -4.480e-05
              asc_llc     asc_rlc   speed_llc   speed_rlc    nodv_llc
asc_acc      0.187421    0.167660   -0.040545   -0.036266 -1.7124e-04
asc_brk      0.183649    0.172755   -0.039712   -0.037369 -1.9084e-04
speed_acc   -0.040570   -0.036262    0.008803    0.007869  -8.376e-06
speed_brk   -0.039742   -0.037409    0.008620    0.008117  -2.622e-06
nodv_acc   -6.579e-05 -3.4378e-04  -3.166e-05   3.288e-05  1.6616e-04
nodv_brk   -6.778e-05 -2.6121e-04  -2.920e-05   1.401e-05  1.5971e-04
dist_acc   6.4944e-04  6.0586e-04 -1.4157e-04 -1.3209e-04   5.826e-07
dist_brk   6.3482e-04  6.0021e-04 -1.3842e-04 -1.3086e-04   1.019e-06
time_acc    -0.018418   -0.017126    0.004002    0.003721  -8.230e-05
time_brk    -0.018014   -0.017106    0.003914    0.003716  -8.979e-05
asc_llc      9.269925    0.146962   -2.007217   -0.031762   -0.017289
asc_rlc      0.146962    7.977946   -0.031722   -1.712730 -3.4098e-04
speed_llc   -2.007217   -0.031722    0.436020    0.006878    0.001569
speed_rlc   -0.031762   -1.712730    0.006878    0.369357   3.768e-05
nodv_llc    -0.017289 -3.4098e-04    0.001569   3.768e-05    0.006734
nodv_rlc  -2.7423e-04   -0.035127   2.275e-05    0.005787  1.3233e-04
dist_llc     0.038008  5.2311e-04   -0.008325 -1.1395e-04  1.0789e-04
dist_rlc   5.1499e-04    0.031142 -1.1197e-04   -0.006750  -2.073e-07
time_llc    -1.061828   -0.014830    0.231771    0.003219   -0.006160
time_rlc    -0.014621   -0.849638    0.003169    0.183710  -4.867e-05
pos_acc     -0.001381    0.002961  2.6988e-04 -6.8436e-04   1.059e-05
pos_brk     -0.001402    0.004035  2.7300e-04 -9.0576e-04   1.673e-05
pos_llc     -0.021286    0.001062    0.004081 -2.5422e-04  5.8670e-04
pos_rlc   -4.9925e-04   -0.059624   8.075e-05    0.008702   1.808e-05
             nodv_rlc    dist_llc    dist_rlc    time_llc    time_rlc
asc_acc   -2.5859e-04  6.4202e-04  5.9837e-04   -0.018152   -0.016920
asc_brk   -2.0942e-04  6.3510e-04  5.8979e-04   -0.018000   -0.016780
speed_acc   1.309e-05 -1.3977e-04 -1.3015e-04    0.003938    0.003670
speed_brk   2.416e-06 -1.3837e-04 -1.2856e-04    0.003909    0.003646
nodv_acc   1.5180e-04   9.278e-08  -4.068e-07  -6.731e-05  -5.174e-05
nodv_brk   1.5507e-04   8.740e-07   3.428e-07  -8.700e-05  -7.229e-05
dist_acc    4.402e-08   7.068e-06   6.882e-06 -1.9481e-04 -1.8888e-04
dist_brk    8.468e-07   6.875e-06   6.439e-06 -1.9028e-04 -1.7871e-04
time_acc   -6.120e-05 -1.9482e-04 -1.8946e-04    0.005579    0.005391
time_brk   -8.255e-05 -1.9038e-04 -1.7896e-04    0.005472    0.005161
asc_llc   -2.7423e-04    0.038008  5.1499e-04   -1.061828   -0.014621
asc_rlc     -0.035127  5.2311e-04    0.031142   -0.014830   -0.849638
speed_llc   2.275e-05   -0.008325 -1.1197e-04    0.231771    0.003169
speed_rlc    0.005787 -1.1395e-04   -0.006750    0.003219    0.183710
nodv_llc   1.3233e-04  1.0789e-04  -2.073e-07   -0.006160  -4.867e-05
nodv_rlc     0.007288  -4.904e-08 -1.4936e-04  -5.132e-05  2.7374e-04
dist_llc   -4.904e-08  4.5002e-04   5.798e-06   -0.012410 -1.6009e-04
dist_rlc  -1.4936e-04   5.798e-06  3.9652e-04 -1.6032e-04   -0.010373
time_llc   -5.132e-05   -0.012410 -1.6032e-04    0.354969    0.004595
time_rlc   2.7374e-04 -1.6009e-04   -0.010373    0.004595    0.282331
pos_acc     9.251e-05   6.934e-08   1.553e-06  -1.590e-05  -9.064e-05
pos_brk     2.473e-05  -9.483e-07   1.565e-05   1.143e-05 -4.4857e-04
pos_llc    1.0397e-04   8.718e-06   2.826e-06   -0.001424 -1.3947e-04
pos_rlc      0.001507   6.161e-07 -1.8047e-04  -2.638e-05    0.003907
              pos_acc     pos_brk     pos_llc     pos_rlc
asc_acc     -0.002502   -0.001121   -0.001080 -5.6295e-04
asc_brk     -0.001015   -0.002082 -9.6503e-04 -6.4567e-04
speed_acc  4.5006e-04  2.1144e-04  2.0358e-04   9.058e-05
speed_brk  1.8851e-04  3.6440e-04  1.7862e-04  1.0776e-04
nodv_acc    5.577e-05   1.648e-05   1.170e-05   2.399e-05
nodv_brk    1.556e-05   5.122e-05   1.407e-05   2.261e-05
dist_acc   -1.818e-06   9.022e-09   7.245e-08   3.717e-07
dist_brk    4.846e-07   2.975e-06   4.453e-07   1.101e-06
time_acc   -1.032e-05  -1.567e-05  -1.553e-05  -2.618e-05
time_brk   -2.908e-05 -1.2504e-04  -2.725e-05  -4.480e-05
asc_llc     -0.001381   -0.001402   -0.021286 -4.9925e-04
asc_rlc      0.002961    0.004035    0.001062   -0.059624
speed_llc  2.6988e-04  2.7300e-04    0.004081   8.075e-05
speed_rlc -6.8436e-04 -9.0576e-04 -2.5422e-04    0.008702
nodv_llc    1.059e-05   1.673e-05  5.8670e-04   1.808e-05
nodv_rlc    9.251e-05   2.473e-05  1.0397e-04    0.001507
dist_llc    6.934e-08  -9.483e-07   8.718e-06   6.161e-07
dist_rlc    1.553e-06   1.565e-05   2.826e-06 -1.8047e-04
time_llc   -1.590e-05   1.143e-05   -0.001424  -2.638e-05
time_rlc   -9.064e-05 -4.4857e-04 -1.3947e-04    0.003907
pos_acc      0.004430    0.001336    0.001356    0.001162
pos_brk      0.001336    0.003667    0.001309    0.001225
pos_llc      0.001356    0.001309    0.077921  9.3100e-04
pos_rlc      0.001162    0.001225  9.3100e-04    0.022770

Robust covariance matrix:
              asc_acc     asc_brk   speed_acc   speed_brk    nodv_acc
asc_acc      1.863188    2.513471   -0.407700   -0.550372  3.3930e-04
asc_brk      2.513471    4.988475   -0.546628   -1.092657   -0.007939
speed_acc   -0.407700   -0.546628    0.089313    0.119739 -2.9234e-04
speed_brk   -0.550372   -1.092657    0.119739    0.239474    0.001617
nodv_acc   3.3930e-04   -0.007939 -2.9234e-04    0.001617    0.001262
nodv_brk    -0.008823   -0.022001    0.001876    0.004550  5.0926e-04
dist_acc     0.004376    0.007877 -9.6929e-04   -0.001736   1.816e-05
dist_brk     0.001266    0.002279 -2.5904e-04 -4.5443e-04  -6.552e-05
time_acc    -0.096727   -0.179882    0.021499    0.039689   -0.001049
time_brk    -0.023514   -0.053099    0.004540    0.010362    0.002132
asc_llc      0.690393    2.205164   -0.131409   -0.477870   -0.039435
asc_rlc     -0.601050   -1.095023    0.131080    0.236475   -0.021916
speed_llc   -0.127749   -0.436444    0.023722    0.094458    0.008914
speed_rlc    0.183899    0.275671   -0.039969   -0.060004    0.003815
nodv_llc    -0.061339   -0.069765    0.013170    0.015512  -8.632e-05
nodv_rlc    -0.002785   -0.036933  2.0119e-04    0.008322    0.001576
dist_llc   1.5919e-04    0.014708   1.242e-05   -0.003282 -1.6053e-04
dist_rlc    -0.008228   -0.006357    0.001822    0.001311  1.5725e-04
time_llc     0.029441   -0.440208   -0.007782    0.097818    0.005784
time_rlc     0.253536    0.226960   -0.055984   -0.047630   -0.003578
pos_acc      0.043068    0.053962   -0.009920   -0.012397  9.0160e-04
pos_brk     -0.018996    0.013365    0.004003   -0.003459 -2.9070e-04
pos_llc      0.194766    0.285486   -0.041970   -0.062949   -0.002231
pos_rlc     -0.346376   -0.264328    0.075151    0.059132    0.003476
             nodv_brk    dist_acc    dist_brk    time_acc    time_brk
asc_acc     -0.008823    0.004376    0.001266   -0.096727   -0.023514
asc_brk     -0.022001    0.007877    0.002279   -0.179882   -0.053099
speed_acc    0.001876 -9.6929e-04 -2.5904e-04    0.021499    0.004540
speed_brk    0.004550   -0.001736 -4.5443e-04    0.039689    0.010362
nodv_acc   5.0926e-04   1.816e-05  -6.552e-05   -0.001049    0.002132
nodv_brk     0.001018  -1.918e-05  -6.315e-05  1.7580e-04    0.001535
dist_acc   -1.918e-05   1.883e-05  -1.217e-06 -4.3966e-04   6.644e-05
dist_brk   -6.315e-05  -1.217e-06   5.899e-05  -6.101e-06   -0.001701
time_acc   1.7580e-04 -4.3966e-04  -6.101e-06    0.010960 -5.0413e-04
time_brk     0.001535   6.644e-05   -0.001701 -5.0413e-04    0.049585
asc_llc    5.2938e-04    0.001502    0.002902   -0.028451   -0.112793
asc_rlc     -0.015116   -0.003351   -0.009995    0.105343    0.292988
speed_llc  -8.781e-06 -2.7217e-04 -5.4476e-04    0.004785    0.022272
speed_rlc    0.003279  6.7709e-04    0.001786   -0.020984   -0.052996
nodv_llc  -6.2008e-04  -7.877e-05   1.009e-06    0.001993   8.612e-06
nodv_rlc   3.4325e-04   1.246e-05  1.4588e-04 -7.1881e-04   -0.003926
dist_llc    8.201e-06   2.089e-05  -3.574e-05 -4.7711e-04  8.6441e-04
dist_rlc   1.8195e-04  -3.120e-07  -6.148e-05  -4.951e-05    0.001849
time_llc   5.6954e-04 -6.0428e-04  5.1946e-04    0.013567   -0.009798
time_rlc    -0.005052   6.201e-05    0.001164  4.6980e-04   -0.035168
pos_acc    9.0015e-04  1.9901e-04  -5.588e-05   -0.005366    0.001613
pos_brk      0.001150   6.801e-05 -1.9200e-04   -0.001446    0.004177
pos_llc      0.002365  3.9778e-04 -1.6596e-04   -0.006754    0.002648
pos_rlc      0.001705  1.3615e-04    0.001581   -0.005714   -0.044742
              asc_llc     asc_rlc   speed_llc   speed_rlc    nodv_llc
asc_acc      0.690393   -0.601050   -0.127749    0.183899   -0.061339
asc_brk      2.205164   -1.095023   -0.436444    0.275671   -0.069765
speed_acc   -0.131409    0.131080    0.023722   -0.039969    0.013170
speed_brk   -0.477870    0.236475    0.094458   -0.060004    0.015512
nodv_acc    -0.039435   -0.021916    0.008914    0.003815  -8.632e-05
nodv_brk   5.2938e-04   -0.015116  -8.781e-06    0.003279 -6.2008e-04
dist_acc     0.001502   -0.003351 -2.7217e-04  6.7709e-04  -7.877e-05
dist_brk     0.002902   -0.009995 -5.4476e-04    0.001786   1.009e-06
time_acc    -0.028451    0.105343    0.004785   -0.020984    0.001993
time_brk    -0.112793    0.292988    0.022272   -0.052996   8.612e-06
asc_llc      5.856781   -1.506043   -1.251573    0.341311   -0.086623
asc_rlc     -1.506043    5.458085    0.277882   -1.041003    0.049217
speed_llc   -1.251573    0.277882    0.268662   -0.064285    0.017338
speed_rlc    0.341311   -1.041003   -0.064285    0.211403   -0.015316
nodv_llc    -0.086623    0.049217    0.017338   -0.015316    0.005641
nodv_rlc    -0.049584   -0.071510    0.011467    0.009519  9.6303e-04
dist_llc     0.018649    0.005412   -0.004049 -7.3122e-04 -1.7212e-04
dist_rlc     0.006955    0.001882   -0.001413   -0.001588  -2.578e-05
time_llc    -0.533554   -0.120111    0.115802    0.021139  1.5980e-04
time_rlc    -0.158544    0.027222    0.032134    0.030833 -9.7873e-04
pos_acc     -0.058373    0.021394    0.011880   -0.003205   2.930e-05
pos_brk      0.057640   -0.026728   -0.012447    0.007525 -3.4418e-04
pos_llc      0.293748    0.122039   -0.064667   -0.015712   -0.004358
pos_rlc     -0.020315   -0.652685    0.007220    0.057587    0.025996
             nodv_rlc    dist_llc    dist_rlc    time_llc    time_rlc
asc_acc     -0.002785  1.5919e-04   -0.008228    0.029441    0.253536
asc_brk     -0.036933    0.014708   -0.006357   -0.440208    0.226960
speed_acc  2.0119e-04   1.242e-05    0.001822   -0.007782   -0.055984
speed_brk    0.008322   -0.003282    0.001311    0.097818   -0.047630
nodv_acc     0.001576 -1.6053e-04  1.5725e-04    0.005784   -0.003578
nodv_brk   3.4325e-04   8.201e-06  1.8195e-04  5.6954e-04   -0.005052
dist_acc    1.246e-05   2.089e-05  -3.120e-07 -6.0428e-04   6.201e-05
dist_brk   1.4588e-04  -3.574e-05  -6.148e-05  5.1946e-04    0.001164
time_acc  -7.1881e-04 -4.7711e-04  -4.951e-05    0.013567  4.6980e-04
time_brk    -0.003926  8.6441e-04    0.001849   -0.009798   -0.035168
asc_llc     -0.049584    0.018649    0.006955   -0.533554   -0.158544
asc_rlc     -0.071510    0.005412    0.001882   -0.120111    0.027222
speed_llc    0.011467   -0.004049   -0.001413    0.115802    0.032134
speed_rlc    0.009519 -7.3122e-04   -0.001588    0.021139    0.030833
nodv_llc   9.6303e-04 -1.7212e-04  -2.578e-05  1.5980e-04 -9.7873e-04
nodv_rlc     0.007427 -6.0989e-04   4.390e-05    0.015550   -0.003055
dist_llc  -6.0989e-04  2.7197e-04   5.282e-05   -0.008060   -0.001401
dist_rlc    4.390e-05   5.282e-05  4.2564e-04   -0.001047   -0.011011
time_llc     0.015550   -0.008060   -0.001047    0.250731    0.034124
time_rlc    -0.003055   -0.001401   -0.011011    0.034124    0.293477
pos_acc    5.6335e-04  4.1087e-04 -3.8917e-04   -0.013155    0.007822
pos_brk   -3.2851e-04  5.7326e-04 -1.2662e-04   -0.017318    0.004864
pos_llc     -0.002309    0.001689   -0.001703   -0.052933    0.047099
pos_rlc      0.026135   -0.001557    0.006596    0.003394   -0.202102
              pos_acc     pos_brk     pos_llc     pos_rlc
asc_acc      0.043068   -0.018996    0.194766   -0.346376
asc_brk      0.053962    0.013365    0.285486   -0.264328
speed_acc   -0.009920    0.004003   -0.041970    0.075151
speed_brk   -0.012397   -0.003459   -0.062949    0.059132
nodv_acc   9.0160e-04 -2.9070e-04   -0.002231    0.003476
nodv_brk   9.0015e-04    0.001150    0.002365    0.001705
dist_acc   1.9901e-04   6.801e-05  3.9778e-04  1.3615e-04
dist_brk   -5.588e-05 -1.9200e-04 -1.6596e-04    0.001581
time_acc    -0.005366   -0.001446   -0.006754   -0.005714
time_brk     0.001613    0.004177    0.002648   -0.044742
asc_llc     -0.058373    0.057640    0.293748   -0.020315
asc_rlc      0.021394   -0.026728    0.122039   -0.652685
speed_llc    0.011880   -0.012447   -0.064667    0.007220
speed_rlc   -0.003205    0.007525   -0.015712    0.057587
nodv_llc    2.930e-05 -3.4418e-04   -0.004358    0.025996
nodv_rlc   5.6335e-04 -3.2851e-04   -0.002309    0.026135
dist_llc   4.1087e-04  5.7326e-04    0.001689   -0.001557
dist_rlc  -3.8917e-04 -1.2662e-04   -0.001703    0.006596
time_llc    -0.013155   -0.017318   -0.052933    0.003394
time_rlc     0.007822    0.004864    0.047099   -0.202102
pos_acc      0.009844  3.8202e-04    0.015936   -0.007896
pos_brk    3.8202e-04    0.009718    0.002958   -0.003386
pos_llc      0.015936    0.002958    0.101151   -0.042767
pos_rlc     -0.007896   -0.003386   -0.042767    0.438850

Classical correlation matrix:
              asc_acc     asc_brk   speed_acc   speed_brk    nodv_acc
asc_acc      1.000000    0.401124   -0.998255   -0.397010   -0.018420
asc_brk      0.401124    1.000000   -0.397245   -0.998235   -0.015190
speed_acc   -0.998255   -0.397245    1.000000    0.394293   -0.022032
speed_brk   -0.397010   -0.998235    0.394293    1.000000  7.7402e-04
nodv_acc    -0.018420   -0.015190   -0.022032  7.7402e-04    1.000000
nodv_brk    -0.008975    0.024200   -0.004415   -0.064373    0.355663
dist_acc     0.583387    0.208655   -0.588007   -0.207910    0.029938
dist_brk     0.211333    0.554886   -0.210931   -0.558477    0.007768
time_acc    -0.585871   -0.217031    0.588096    0.215587   -0.098322
time_brk    -0.210753   -0.545126    0.209649    0.546409   -0.030898
asc_llc      0.083742    0.091267   -0.082973   -0.090310 -9.8994e-04
asc_rlc      0.080750    0.092544   -0.079943   -0.091634   -0.005576
speed_llc   -0.083531   -0.090999    0.083013    0.090314   -0.002197
speed_rlc   -0.081178   -0.093037    0.080622    0.092409    0.002479
nodv_llc    -0.002839   -0.003519 -6.3559e-04 -2.2110e-04    0.092755
nodv_rlc    -0.004121   -0.003712  9.5443e-04  1.9582e-04    0.081459
dist_llc     0.041171    0.045299   -0.041027   -0.045130  2.0037e-04
dist_rlc     0.040879    0.044816   -0.040698   -0.044667 -9.3588e-04
time_llc    -0.041447   -0.045713    0.041159    0.045389   -0.005176
time_rlc    -0.043319   -0.047782    0.043006    0.047470   -0.004461
pos_acc     -0.051134   -0.023071    0.042107    0.019597    0.038386
pos_brk     -0.025184   -0.052016    0.021743    0.041636    0.012471
pos_llc     -0.005265   -0.005231    0.004541    0.004427    0.001919
pos_rlc     -0.005075   -0.006474    0.003738    0.004941    0.007284
             nodv_brk    dist_acc    dist_brk    time_acc    time_brk
asc_acc     -0.008975    0.583387    0.211333   -0.585871   -0.210753
asc_brk      0.024200    0.208655    0.554886   -0.217031   -0.545126
speed_acc   -0.004415   -0.588007   -0.210931    0.588096    0.209649
speed_brk   -0.064373   -0.207910   -0.558477    0.215587    0.546409
nodv_acc     0.355663    0.029938    0.007768   -0.098322   -0.030898
nodv_brk     1.000000    0.007445    0.092186   -0.030812   -0.157939
dist_acc     0.007445    1.000000    0.335365   -0.979345   -0.326981
dist_brk     0.092186    0.335365    1.000000   -0.340988   -0.980254
time_acc    -0.030812   -0.979345   -0.340988    1.000000    0.345274
time_brk    -0.157939   -0.326981   -0.980254    0.345274    1.000000
asc_llc     -0.001062    0.044214    0.049197   -0.046222   -0.049203
asc_rlc     -0.004410    0.044462    0.050141   -0.046329   -0.050364
speed_llc   -0.002109   -0.044441   -0.049462    0.046307    0.049296
speed_rlc    0.001100   -0.045050   -0.050806    0.046786    0.050849
nodv_llc     0.092808    0.001471    0.002931   -0.007663   -0.009100
nodv_rlc     0.086620  1.0688e-04    0.002340   -0.005477   -0.008042
dist_llc     0.001965    0.069065    0.076469   -0.070170   -0.074632
dist_rlc   8.2105e-04    0.071640    0.076303   -0.072696   -0.074738
time_llc    -0.006964   -0.067774   -0.075356    0.071551    0.076377
time_rlc    -0.006488   -0.073682   -0.079357    0.077527    0.080779
pos_acc      0.011149   -0.005662    0.001718   -0.001185   -0.003633
pos_brk      0.040335   3.088e-05    0.011591   -0.001978   -0.017173
pos_llc      0.002403   5.380e-05  3.7640e-04 -4.2500e-04 -8.1171e-04
pos_rlc      0.007146  5.1055e-04    0.001722   -0.001326   -0.002469
              asc_llc     asc_rlc   speed_llc   speed_rlc    nodv_llc
asc_acc      0.083742    0.080750   -0.083531   -0.081178   -0.002839
asc_brk      0.091267    0.092544   -0.090999   -0.093037   -0.003519
speed_acc   -0.082973   -0.079943    0.083013    0.080622 -6.3559e-04
speed_brk   -0.090310   -0.091634    0.090314    0.092409 -2.2110e-04
nodv_acc  -9.8994e-04   -0.005576   -0.002197    0.002479    0.092755
nodv_brk    -0.001062   -0.004410   -0.002109    0.001100    0.092808
dist_acc     0.044214    0.044462   -0.044441   -0.045050    0.001471
dist_brk     0.049197    0.050141   -0.049462   -0.050806    0.002931
time_acc    -0.046222   -0.046329    0.046307    0.046786   -0.007663
time_brk    -0.049203   -0.050364    0.049296    0.050849   -0.009100
asc_llc      1.000000    0.017089   -0.998397   -0.017165   -0.069195
asc_rlc      0.017089    1.000000   -0.017008   -0.997746   -0.001471
speed_llc   -0.998397   -0.017008    1.000000    0.017140    0.028958
speed_rlc   -0.017165   -0.997746    0.017140    1.000000  7.5549e-04
nodv_llc    -0.069195   -0.001471    0.028958  7.5549e-04    1.000000
nodv_rlc    -0.001055   -0.145675  4.0351e-04    0.111527    0.018888
dist_llc     0.588466    0.008730   -0.594293   -0.008838    0.061974
dist_rlc     0.008494    0.553702   -0.008515   -0.557735 -1.2687e-04
time_llc    -0.585357   -0.008812    0.589129    0.008889   -0.125982
time_rlc    -0.009038   -0.566120    0.009033    0.568893   -0.001116
pos_acc     -0.006816    0.015749    0.006141   -0.016919    0.001939
pos_brk     -0.007606    0.023592    0.006828   -0.024613    0.003367
pos_llc     -0.025046    0.001347    0.022142   -0.001499    0.025612
pos_rlc     -0.001087   -0.139892  8.1045e-04    0.094884    0.001460
             nodv_rlc    dist_llc    dist_rlc    time_llc    time_rlc
asc_acc     -0.004121    0.041171    0.040879   -0.041447   -0.043319
asc_brk     -0.003712    0.045299    0.044816   -0.045713   -0.047782
speed_acc  9.5443e-04   -0.041027   -0.040698    0.041159    0.043006
speed_brk  1.9582e-04   -0.045130   -0.044667    0.045389    0.047470
nodv_acc     0.081459  2.0037e-04 -9.3588e-04   -0.005176   -0.004461
nodv_brk     0.086620    0.001965  8.2105e-04   -0.006964   -0.006488
dist_acc   1.0688e-04    0.069065    0.071640   -0.067774   -0.073682
dist_brk     0.002340    0.076469    0.076303   -0.075356   -0.079357
time_acc    -0.005477   -0.070170   -0.072696    0.071551    0.077527
time_brk    -0.008042   -0.074632   -0.074738    0.076377    0.080779
asc_llc     -0.001055    0.588466    0.008494   -0.585357   -0.009038
asc_rlc     -0.145675    0.008730    0.553702   -0.008812   -0.566120
speed_llc  4.0351e-04   -0.594293   -0.008515    0.589129    0.009033
speed_rlc    0.111527   -0.008838   -0.557735    0.008889    0.568893
nodv_llc     0.018888    0.061974 -1.2687e-04   -0.125982   -0.001116
nodv_rlc     1.000000  -2.708e-05   -0.087857   -0.001009    0.006035
dist_llc   -2.708e-05    1.000000    0.013727   -0.981887   -0.014203
dist_rlc    -0.087857    0.013727    1.000000   -0.013513   -0.980421
time_llc    -0.001009   -0.981887   -0.013513    1.000000    0.014515
time_rlc     0.006035   -0.014203   -0.980421    0.014515    1.000000
pos_acc      0.016282   4.911e-05    0.001172 -4.0088e-04   -0.002563
pos_brk      0.004783 -7.3823e-04    0.012977  3.1686e-04   -0.013942
pos_llc      0.004363    0.001472  5.0843e-04   -0.008565 -9.4032e-04
pos_rlc      0.116946  1.9246e-04   -0.060062 -2.9345e-04    0.048731
              pos_acc     pos_brk     pos_llc     pos_rlc
asc_acc     -0.051134   -0.025184   -0.005265   -0.005075
asc_brk     -0.023071   -0.052016   -0.005231   -0.006474
speed_acc    0.042107    0.021743    0.004541    0.003738
speed_brk    0.019597    0.041636    0.004427    0.004941
nodv_acc     0.038386    0.012471    0.001919    0.007284
nodv_brk     0.011149    0.040335    0.002403    0.007146
dist_acc    -0.005662   3.088e-05   5.380e-05  5.1055e-04
dist_brk     0.001718    0.011591  3.7640e-04    0.001722
time_acc    -0.001185   -0.001978 -4.2500e-04   -0.001326
time_brk    -0.003633   -0.017173 -8.1171e-04   -0.002469
asc_llc     -0.006816   -0.007606   -0.025046   -0.001087
asc_rlc      0.015749    0.023592    0.001347   -0.139892
speed_llc    0.006141    0.006828    0.022142  8.1045e-04
speed_rlc   -0.016919   -0.024613   -0.001499    0.094884
nodv_llc     0.001939    0.003367    0.025612    0.001460
nodv_rlc     0.016282    0.004783    0.004363    0.116946
dist_llc    4.911e-05 -7.3823e-04    0.001472  1.9246e-04
dist_rlc     0.001172    0.012977  5.0843e-04   -0.060062
time_llc  -4.0088e-04  3.1686e-04   -0.008565 -2.9345e-04
time_rlc    -0.002563   -0.013942 -9.4032e-04    0.048731
pos_acc      1.000000    0.331580    0.072987    0.115699
pos_brk      0.331580    1.000000    0.077448    0.134112
pos_llc      0.072987    0.077448    1.000000    0.022103
pos_rlc      0.115699    0.134112    0.022103    1.000000

Robust correlation matrix:
              asc_acc     asc_brk   speed_acc   speed_brk    nodv_acc
asc_acc      1.000000     0.82444   -0.999434    -0.82394    0.006998
asc_brk      0.824445     1.00000   -0.818936    -0.99970   -0.100061
speed_acc   -0.999434    -0.81894    1.000000     0.81874   -0.027538
speed_brk   -0.823945    -0.99970    0.818742     1.00000    0.092999
nodv_acc     0.006998    -0.10006   -0.027538     0.09300    1.000000
nodv_brk    -0.202560    -0.30870    0.196755     0.29136    0.449287
dist_acc     0.738811     0.81285   -0.747492    -0.81736    0.117849
dist_brk     0.120801     0.13288   -0.112852    -0.12091   -0.240157
time_acc    -0.676897    -0.76932    0.687180     0.77472   -0.281977
time_brk    -0.077361    -0.10676    0.068222     0.09509    0.269507
asc_llc      0.208996     0.40797   -0.181693    -0.40351   -0.458728
asc_rlc     -0.188479    -0.20985    0.187740     0.20684   -0.264078
speed_llc   -0.180561    -0.37700    0.153138     0.37240    0.484130
speed_rlc    0.293019     0.26844   -0.290876    -0.26668    0.233582
nodv_llc    -0.598300    -0.41588    0.586719     0.42204   -0.032353
nodv_rlc    -0.023675    -0.19188    0.007812     0.19734    0.514682
dist_llc     0.007072     0.39931    0.002520    -0.40670   -0.274018
dist_rlc    -0.292186    -0.13796    0.295458     0.12986    0.214572
time_llc     0.043075    -0.39361   -0.052001     0.39920    0.325178
time_rlc     0.342866     0.18758   -0.345793    -0.17967   -0.185946
pos_acc      0.318001     0.24350   -0.334560    -0.25532    0.255811
pos_brk     -0.141169     0.06070    0.135882    -0.07169   -0.083012
pos_llc      0.448642     0.40190   -0.441562    -0.40446   -0.197459
pos_rlc     -0.383055    -0.17865    0.379593     0.18240    0.147728
             nodv_brk    dist_acc    dist_brk    time_acc    time_brk
asc_acc     -0.202560    0.738811    0.120801   -0.676897    -0.07736
asc_brk     -0.308704    0.812848    0.132876   -0.769323    -0.10676
speed_acc    0.196755   -0.747492   -0.112852    0.687180     0.06822
speed_brk    0.291356   -0.817362   -0.120906    0.774720     0.09509
nodv_acc     0.449287    0.117849   -0.240157   -0.281977     0.26951
nodv_brk     1.000000   -0.138552   -0.257660    0.052625     0.21598
dist_acc    -0.138552    1.000000   -0.036530   -0.967900     0.06877
dist_brk    -0.257660   -0.036530    1.000000   -0.007588    -0.99469
time_acc     0.052625   -0.967900   -0.007588    1.000000    -0.02163
time_brk     0.215976    0.068766   -0.994694   -0.021626     1.00000
asc_llc      0.006855    0.143059    0.156100   -0.112298    -0.20931
asc_rlc     -0.202768   -0.330539   -0.557038    0.430716     0.56319
speed_llc -5.3090e-04   -0.121019   -0.136837    0.088184     0.19296
speed_rlc    0.223507    0.339394    0.505812   -0.435945    -0.51762
nodv_llc    -0.258727   -0.241704    0.001749    0.253503  5.1492e-04
nodv_rlc     0.124823    0.033309    0.220393   -0.079674    -0.20459
dist_llc     0.015585    0.291887   -0.282198   -0.276351     0.23539
dist_rlc     0.276383   -0.003486   -0.387972   -0.022922     0.40248
time_llc     0.035645   -0.278131    0.135068    0.258803    -0.08787
time_rlc    -0.292227    0.026379    0.279731    0.008284    -0.29153
pos_acc      0.284317    0.462272   -0.073330   -0.516630     0.07300
pos_brk      0.365626    0.158992   -0.253579   -0.140108     0.19029
pos_llc      0.233084    0.288253   -0.067938   -0.202847     0.03739
pos_rlc      0.080645    0.047368    0.310820   -0.082394    -0.30331
              asc_llc     asc_rlc   speed_llc   speed_rlc    nodv_llc
asc_acc      0.208996    -0.18848    -0.18056     0.29302   -0.598300
asc_brk      0.407969    -0.20985    -0.37700     0.26844   -0.415876
speed_acc   -0.181693     0.18774     0.15314    -0.29088    0.586719
speed_brk   -0.403507     0.20684     0.37240    -0.26668    0.422038
nodv_acc    -0.458728    -0.26408     0.48413     0.23358   -0.032353
nodv_brk     0.006855    -0.20277 -5.3090e-04     0.22351   -0.258727
dist_acc     0.143059    -0.33054    -0.12102     0.33939   -0.241704
dist_brk     0.156100    -0.55704    -0.13684     0.50581    0.001749
time_acc    -0.112298     0.43072     0.08818    -0.43595    0.253503
time_brk    -0.209305     0.56319     0.19296    -0.51762  5.1492e-04
asc_llc      1.000000    -0.26637    -0.99775     0.30674   -0.476557
asc_rlc     -0.266372     1.00000     0.22948    -0.96912    0.280482
speed_llc   -0.997754     0.22948     1.00000    -0.26975    0.445362
speed_rlc    0.306737    -0.96912    -0.26975     1.00000   -0.443504
nodv_llc    -0.476557     0.28048     0.44536    -0.44350    1.000000
nodv_rlc    -0.237746    -0.35518     0.25670     0.24023    0.148783
dist_llc     0.467255     0.14046    -0.47366    -0.09643   -0.138953
dist_rlc     0.139303     0.03904    -0.13209    -0.16745   -0.016636
time_llc    -0.440296    -0.10267     0.44618     0.09182    0.004249
time_rlc    -0.120930     0.02151     0.11444     0.12378   -0.024054
pos_acc     -0.243103     0.09230     0.23101    -0.07025    0.003932
pos_brk      0.241598    -0.11605    -0.24358     0.16602   -0.046484
pos_llc      0.381646     0.16425    -0.39228    -0.10745   -0.182445
pos_rlc     -0.012672    -0.42172     0.02103     0.18906    0.522472
             nodv_rlc    dist_llc    dist_rlc    time_llc    time_rlc
asc_acc     -0.023675    0.007072   -0.292186    0.043075    0.342866
asc_brk     -0.191880    0.399314   -0.137964   -0.393614    0.187577
speed_acc    0.007812    0.002520    0.295458   -0.052001   -0.345793
speed_brk    0.197339   -0.406698    0.129856    0.399196   -0.179666
nodv_acc     0.514682   -0.274018    0.214572    0.325178   -0.185946
nodv_brk     0.124823    0.015585    0.276383    0.035645   -0.292227
dist_acc     0.033309    0.291887   -0.003486   -0.278131    0.026379
dist_brk     0.220393   -0.282198   -0.387972    0.135068    0.279731
time_acc    -0.079674   -0.276351   -0.022922    0.258803    0.008284
time_brk    -0.204588    0.235388    0.402478   -0.087875   -0.291529
asc_llc     -0.237746    0.467255    0.139303   -0.440296   -0.120930
asc_rlc     -0.355178    0.140464    0.039042   -0.102674    0.021509
speed_llc    0.256702   -0.473657   -0.132090    0.446179    0.114438
speed_rlc    0.240226   -0.096433   -0.167448    0.091819    0.123785
nodv_llc     0.148783   -0.138953   -0.016636    0.004249   -0.024054
nodv_rlc     1.000000   -0.429133    0.024694    0.360362   -0.065445
dist_llc    -0.429133    1.000000    0.155229   -0.976030   -0.156768
dist_rlc     0.024694    0.155229    1.000000   -0.101317   -0.985219
time_llc     0.360362   -0.976030   -0.101317    1.000000    0.125797
time_rlc    -0.065445   -0.156768   -0.985219    0.125797    1.000000
pos_acc      0.065885    0.251098   -0.190120   -0.264792    0.145526
pos_brk     -0.038668    0.352604   -0.062255   -0.350834    0.091067
pos_llc     -0.084249    0.322045   -0.259489   -0.332380    0.273364
pos_rlc      0.457788   -0.142483    0.482631    0.010231   -0.563151
              pos_acc     pos_brk     pos_llc     pos_rlc
asc_acc      0.318001    -0.14117     0.44864    -0.38306
asc_brk      0.243504     0.06070     0.40190    -0.17865
speed_acc   -0.334560     0.13588    -0.44156     0.37959
speed_brk   -0.255320    -0.07169    -0.40446     0.18240
nodv_acc     0.255811    -0.08301    -0.19746     0.14773
nodv_brk     0.284317     0.36563     0.23308     0.08064
dist_acc     0.462272     0.15899     0.28825     0.04737
dist_brk    -0.073330    -0.25358    -0.06794     0.31082
time_acc    -0.516630    -0.14011    -0.20285    -0.08239
time_brk     0.073002     0.19029     0.03739    -0.30331
asc_llc     -0.243103     0.24160     0.38165    -0.01267
asc_rlc      0.092296    -0.11605     0.16425    -0.42172
speed_llc    0.231005    -0.24358    -0.39228     0.02103
speed_rlc   -0.070255     0.16602    -0.10745     0.18906
nodv_llc     0.003932    -0.04648    -0.18244     0.52247
nodv_rlc     0.065885    -0.03867    -0.08425     0.45779
dist_llc     0.251098     0.35260     0.32205    -0.14248
dist_rlc    -0.190120    -0.06226    -0.25949     0.48263
time_llc    -0.264792    -0.35083    -0.33238     0.01023
time_rlc     0.145526     0.09107     0.27336    -0.56315
pos_acc      1.000000     0.03906     0.50501    -0.12013
pos_brk      0.039056     1.00000     0.09433    -0.05184
pos_llc      0.505013     0.09433     1.00000    -0.20298
pos_rlc     -0.120133    -0.05184    -0.20298     1.00000

 13 worst outliers in terms of lowest average per choice prediction:
 ID Avg prob per choice
 11                   0
 13                   0
 21                   0
 31                   0
 32                   0
 33                   0
 41                   0
 42                   0
 43                   0
 51                   0
 52                   0
 61                   0
 62                   0

Changes in parameter estimates from starting values:
              Initial    Estimate  Difference
asc_acc         0.000    6.203358    6.203358
asc_brk         0.000    8.354691    8.354691
speed_acc       0.000   -1.576005   -1.576005
speed_brk       0.000   -1.956647   -1.956647
nodv_acc        0.000    0.141881    0.141881
nodv_brk        0.000    0.003284    0.003284
dist_acc        0.000    0.002256    0.002256
dist_brk        0.000    0.027967    0.027967
time_acc        0.000   -0.117978   -0.117978
time_brk        0.000   -0.771271   -0.771271
asc_llc         0.000   -2.126511   -2.126511
asc_rlc         0.000   -9.085298   -9.085298
speed_llc       0.000   -0.442931   -0.442931
speed_rlc       0.000    0.916211    0.916211
nodv_llc        0.000    0.257196    0.257196
nodv_rlc        0.000   -0.021013   -0.021013
dist_llc        0.000    0.006163    0.006163
dist_rlc        0.000   -0.033575   -0.033575
time_llc        0.000   -0.326596   -0.326596
time_rlc        0.000    0.792909    0.792909
pos_acc         0.000   -0.155333   -0.155333
pos_brk         0.000   -0.052901   -0.052901
pos_llc         0.000   -0.590947   -0.590947
pos_rlc         0.000    3.168802    3.168802

Settings and functions used in model definition:

apollo_control
--------------
                       Value                                                            
modelName              "BaseModel"                                                      
modelDescr             "Simple Driver Choice with Time of Impact as an interaction term"
indivID                "Driver_tag"                                                     
workInLogs             "TRUE"                                                           
outputDirectory        "output/"                                                        
